180
573
560
1194
1084
141
659
821
160
792
628
616
473
1681
201
20000
557
664
586
944
246
621
915
901
659
170
228
976
1012
240
182
253
1997
300
628
1877
674
393
551
923
1346
1951
266
1012
248
517
1881
2909
823
458
305
335
1183
444
1303
1025
618
1294
505
571
336
1034
218
701
1494
1302
807
419
606
340
1127
392
219
715
587
516
265
910
1236
483
286
711
367
603
1237
1506
122
986
969
794
442
940
324
1315
961
400
1056
2817
427
979
672
1002
482
420
281
1038
429
736
185
252
802
317
273
219
1807
342
492
2315
359
1160
1113
905
1123
725
1418
1087
1052
398
941
416
622
675
1074
752
490
733
590
2184
1671
517
1133
1277
3710
353
299
2231
526
2756
1460
475
1184
692
321
711
1649
751
425
1124
350
500
2793
678
440
222
328
2391
1550
269
264
1804
921
1202
959
413
1078
563
630
378
622
708
368
687
718
453
3021
270
495
1330
984
20000
208
234
344
364
1507
667
307
594
1517
1604
452
799
730
460
414
2201
1041
577
1022
635
590
182
1270
406
1474
1030
454
320
937
1039
1181
20000
197
499
1444
702
468
375
363
416
1908
166
298
1638
750
1577
581
516
402
461
1033
396
345
1977
1202
721
3746
474
165
480
593
778
834
692
909
1224
856
1019
1902
1325
639
234
886
347
245
571
221
652
330
505
2155
385
2655
794
468
536
2455
310
891
591
651
1029
1296
2698
405
1533
773
678
836
1154
814
245
208
887
232
923
20000
20000
587
598
1068
550
1412
148
827
367
281
1272
109
667
504
336
190
883
1019
740
185
179
820
174
1598
666
429
757
2222
715
1552
696
446
1099
451
707
796
1018
483
234
650
1958
1836
416
527
163
336
240
599
2705
952
1020
1178
498
757
351
412
1127
213
729
221
1055
968
1111
1181
1084
655
493
1379
354
1025
1024
1977
426
1116
1568
622
1204
229
924
2565
288
770
475
1996
2747
580
282
546
1194
489
346
866
852
940
873
1118
459
578
645
296
182
1055
360
521
643
395
451
250
834
1197
353
2473
236
3506
909
183
1033
473
1394
563
1082
2283
242
859
1478
584
1768
1317
1764
701
808
685
322
1215
408
689
451
451
514
20000
607
892
354
725
286
1127
352
653
479
715
856
742
382
360
199
300
1048
311
1493
1118
1369
1066
560
814
1270
353
531
309
517
1323
1857
702
888
1782
205
2137
2005
2058
710
1335
1506
1054
518
1307
1163
1004
203
1507
319
661
855
1685
392
1219
876
2449
410
2098
433
640
1454
536
238
254
481
829
1106
1167
793
2353
1358
429
595
1062
892
483
607
776
523
448
113
1351
661
20000
485
468
700
762
691
1482
924
468
296
1245
182
301
437
1083
777
902
1104
585
1316
370
455
630
269
1795
931
1243
278
359
525
559
406
207
515
2294
205
1846
1380
471
823
269
266
366
239
181
638
533
347
1850
1200
444
362
1087
1169
1530
488
2044
510
669
1090
914
1130
1349
412
827
941
3984
2543
803
341
1193
1376
1678
314
535
494
813
163
641
1093
486
500
849
417
206
846
396
758
317
212
325
498
1182
956
260
617
1357
479
2815
1029
2425
679
524
1486
20000
355
790
681
849
269
653
543
386
543
1283
182
1070
961
348
1441
579
467
624
656
786
619
338
962
373
1121
1249
659
1207
345
895
1361
1240
1866
383
1193
378
541
1008
296
293
3552
3143
560
1087
853
339
20000
20000
1133
421
416
1983
304
446
398
716
2760
1254
503
960
586
899
1181
799
440
169
2264
1070
1239
468
858
553
386
1135
888
462
373
2176
1204
535
1536
262
334
719
724
1049
1180
1197
392
896
20000
768
1020
1255
145
842
1219
283
2612
664
862
592
757
817
946
759
1329
20000
388
1177
970
474
379
549
1051
2232
1447
788
359
627
1870
1439
1654
540
406
477
240
329
616
1637
1178
1535
926
638
1057
629
216
1746
644
454
200
536
2282
1696
706
685
702
2219
496
910
445
899
959
1288
244
2388
1143
853
217
479
525
765
498
740
985
613
1140
1113
399
308
2164
150
891
2035
596
2033
408
2667
1397
328
1218
547
1234
363
793
2842
871
770
1487
2028
434
455
719
794
388
494
629
3036
1285
768
207
2557
990
464
237
1094
469
689
412
654
470
1527
1092
543
1232
1192
800
363
354
2062
371
1041
1795
2241
153
427
316
879
2112
1127
1079
807
848
245
460
650
555
964
1255
245
1088
885
645
763
1774
426
1556
819
195
382
742
295
443
516
2110
398
648
626
1641
727
1589
481
470
474
193
285
188
461
1382
1126
438
20000
762
378
397
190
401
1555
958
1221
1280
404
1204
736
1096
20000
953
588
622
834
490
668
436
855
2458
1123
668
1168
1894
4376
1470
215
1681
189
758
1078
1398
2568
755
167
1166
573
1103
845
637
1125
381
760
3218
831
268
1693
365
1302
207
1154
1125
1129
359
1653
614
1105
290
435
511
296
1127
223
183
754
616
923
1106
388
790
753
717
489
629
1098
221
1243
850
1809
678
253
155
785
633
1540
896
657
509
610
681
1282
981
512
853
1146
531
2133
475
239
984
730
310
332
946
1591
209
2018
20000
378
690
3853
835
2518
1005
762
359
272
283
911
2469
626
1247
525
2010
355
1055
576
239
1140
328
227
308
659
562
1537
1105
976
1552
910
146
3385
704
694
2020
669
1683
1210
1806
1392
343
972
563
1439
1039
294
1728
1505
421
948
306
419
259
310
1883
953
1372
1522
375
1950
445
1953
353
182
521
804
180
615
604
1527
281
637
716
530
404
2616
238
1323
274
968
960
20000
598
1937
308
596
465
324
763
740
378
352
1178
827
2786
1020
831
447
360
331
127
1111
330
320
613
1291
421
481
1403
20000
1062
524
298
422
1880
932
2759
801
749
173
1021
480
461
433
841
389
468
498
719
2642
2149
380
1915
510
502
728
860
1335
425
436
1196
1008
412
172
866
348
396
457
1725
1624
1951
1071
991
817
764
673
742
682
1779
1507
874
1304
376
159
581
533
566
252
746
1724
184
1560
265
340
1732
890
362
677
975
1314
815
555
499
941
1355
1865
625
910
354
1264
677
1913
631
883
263
295
430
1541
3395
840
669
355
718
465
361
1019
409
1061
1050
891
1487
474
1200
291
525
295
750
183
1022
504
525
862
1595
129
2176
722
241
2949
1122
695
548
312
653
683
1139
775
687
966
395
752
469
2384
1363
157
327
994
1324
391
977
2194
594
456
580
492
712
1358
369
431
723
1075
976
524
994
512
2762
2645
526
1497
213
2047
300
603
1068
1109
1684
1027
699
568
448
748
386
274
861
317
416
266
2931
445
644
335
1522
834
2010
636
220
271
477
662
370
222
319
2361
419
2870
862
702
371
675
615
20000
3361
418
2835
505
280
2237
669
938
1583
617
706
286
599
530
521
375
1046
989
585
325
1514
732
603
1669
390
738
963
641
769
443
1078
597
185
808
2472
725
470
460
1388
752
605
439
265
961
276
464
422
253
466
353
529
588
957
1745
195
1343
1036
712
2174
505
223
823
1378
1270
308
925
579
606
636
391
2440
184
642
954
616
678
264
943
2274
217
926
324
351
1964
1193
1529
562
756
1874
433
602
517
402
639
256
1826
481
443
709
20000
224
1051
969
1851
431
1740
766
382
318
1104
262
1028
1206
529
830
2086
836
2101
876
321
153
1066
302
822
404
555
277
986
288
1795
449
488
1901
531
356
496
423
356
811
536
1489
365
723
705
1782
1416
1135
454
552
741
363
625
20000
2832
703
3003
1347
302
869
260
425
217
350
796
2045
943
1526
388
374
1142
1441
571
760
1151
1357
703
1687
1199
517
359
811
199
374
746
1280
412
812
696
1640
680
20000
4347
1266
2089
293
565
450
999
2271
2634
979
358
668
801
583
771
980
278
1001
2861
358
455
620
981
702
353
952
1017
20000
311
459
455
339
1270
1513
1025
792
913
1570
739
1148
375
676
304
391
3025
1618
1526
1282
1439
1026
1587
378
707
715
1361
307
1145
964
449
628
464
510
1108
828
646
473
467
955
749
557
314
543
1555
354
704
781
1345
1636
553
1072
481
1951
541
659
2336
1102
112
373
1266
1653
740
707
580
455
1265
1112
563
2128
661
216
498
916
1758
485
283
2408
1597
1448
708
700
907
793
475
599
601
448
763
2260
615
1800
707
1041
353
650
1795
234
258
2064
807
936
288
961
766
457
2001
215
595
462
1165
187
408
390
231
562
1157
1331
1534
675
834
574
1548
344
358
310
417
186
1852
1450
257
1956
1447
1322
193
577
244
1681
592
1563
262
2694
1788
510
1514
958
861
1158
1269
764
608
645
1015
725
716
557
751
339
787
507
998
816
309
471
754
145
456
227
796
1025
1478
1406
217
20000
1040
708
606
597
866
1743
1365
701
1108
414
459
1613
356
411
1734
552
767
648
599
117
2000
1188
1418
1472
809
721
988
416
206
477
270
1772
710
250
939
332
575
1088
793
854
453
1493
1237
1287
423
549
426
441
1352
492
244
1661
429
725
1403
616
772
621
891
454
397
366
349
1230
664
873
872
577
1021
1363
962
1336
862
393
1083
255
1595
498
1204
622
296
2129
1173
681
340
513
533
1684
1008
404
1263
1107
189
320
671
934
1459
1188
551
3656
5067
374
766
362
1732
943
2323
452
303
740
852
734
657
819
1098
759
1089
1030
676
1533
1017
652
393
1378
1049
238
1370
512
247
2352
1536
404
494
1013
927
1632
257
469
486
326
271
392
1034
323
356
629
1767
328
1404
652
368
679
194
883
252
789
2021
330
1056
348
337
1537
709
1224
337
138
1221
1030
1036
175
495
1100
1572
393
141
1700
428
534
1018
605
529
510
1584
436
1320
1463
461
478
514
1072
359
1016
2491
680
1410
1455
915
763
278
358
1095
644
712
298
99
901
394
2223
325
342
230
982
183
667
2507
738
296
666
493
696
757
705
348
564
275
1348
1073
1686
535
2204
2001
500
521
629
1463
949
854
628
871
2095
1161
1911
217
1067
376
476
624
392
461
764
764
1417
546
1699
278
585
1684
935
1367
221
2405
1662
272
1177
1175
326
1028
693
1158
1825
955
1057
498
730
1238
912
275
1339
2663
2247
2592
335
1043
988
792
816
895
2323
1094
595
1785
899
675
589
688
1302
775
1542
245
591
437
2242
654
2380
244
1375
116
1161
1378
1073
806
995
693
1539
578
967
402
1198
521
1246
285
494
427
445
1018
1035
315
229
1767
786
596
1379
1892
749
763
659
585
192
558
892
1310
733
839
2083
818
669
2042
267
1366
499
954
492
633
1544
331
681
149
1053
754
1034
484
620
467
649
989
697
214
769
560
1823
731
1486
659
1158
303
587
464
238
1606
613
579
735
685
1110
218
1653
1093
849
215
2050
562
684
337
312
614
2488
1308
732
967
1004
1168
708
252
391
1512
979
2098
332
784
203
901
714
1053
665
20000
983
849
304
579
210
305
1036
690
304
190
386
964
348
242
523
579
1246
1739
713
313
810
1168
2182
962
230
315
529
621
369
1746
312
411
306
420
635
1090
470
887
521
195
599
917
1859
920
1100
1112
484
1152
396
517
455
442
20000
1085
1160
223
369
562
923
823
893
854
1145
283
1006
181
556
410
603
865
249
257
680
698
206
2482
614
618
309
1306
857
334
1200
352
884
2335
986
569
1317
628
914
900
407
1489
203
548
761
424
342
1358
1626
20000
2567
1196
1325
761
20000
398
694
462
1391
730
1888
1152
851
1389
536
1532
1272
1904
482
704
664
2010
2677
396
385
154
636
1631
1620
1408
1499
426
1172
1289
1672
574
788
363
1190
781
179
477
378
345
693
1757
3374
2559
530
382
1964
575
882
1080
956
553
1861
348
1272
1506
593
220
152
1583
1621
251
468
747
1180
1408
457
839
389
447
384
955
655
541
1225
1420
722
385
358
1533
1725
596
710
195
2129
450
830
860
155
641
302
1355
224
1507
338
507
404
128
1837
554
320
402
234
20000
647
1501
1795
936
1379
382
1148
1690
532
822
20000
407
1085
2161
997
1064
834
1180
2792
123
193
1171
482
619
580
1011
346
932
1797
786
429
353
434
1287
817
316
1411
1503
894
1616
776
231
1032
1676
932
382
631
480
475
20000
1066
316
224
2777
518
1490
673
567
665
905
311
669
564
1100
592
422
917
403
1525
763
573
1557
548
763
239
280
614
1191
501
709
411
564
439
1123
872
518
568
244
589
1309
325
2383
451
445
1015
2009
930
632
443
246
1228
127
1228
1182
320
299
563
410
749
677
1382
980
427
1168
628
628
810
603
470
1875
272
330
796
2190
367
216
690
896
966
372
226
604
548
1717
440
489
674
1143
674
569
719
341
344
804
574
699
603
693
1026
252
832
906
1102
775
1363
549
1039
1882
647
385
1673
667
944
419
1232
20000
266
894
681
235
2330
795
1545
439
353
1782
552
314
2171
1013
354
1197
252
2143
346
1034
793
881
289
683
310
539
1084
328
591
654
529
623
454
2503
338
1582
1625
743
1021
1585
849
487
149
1581
290
364
857
411
615
1347
2557
651
809
624
541
423
677
616
768
219
347
20000
265
451
979
1911
813
439
591
545
1248
437
773
197
1603
412
463
268
225
770
261
2176
256
1968
773
546
840
190
1793
297
1010
895
635
706
996
884
586
397
473
1680
992
334
1042
1559
307
1937
906
255
301
663
185
220
421
636
327
196
461
460
589
588
1537
1545
447
316
1877
942
440
1261
662
235
281
810
392
1670
528
622
245
533
388
1145
1499
2200
910
1032
2309
609
1073
676
351
830
1429
356
2504
260
660
1115
611
266
254
314
446
307
473
579
779
485
426
1442
570
444
1667
352
210
1538
363
1234
145
291
586
464
942
334
416
821
1513
956
235
1129
1282
219
1858
567
269
792
2465
404
1537
1339
1260
1310
234
264
480
1171
282
409
891
675
1377
2184
2355
1493
213
487
1356
2198
710
392
412
3357
930
2443
382
1032
736
423
334
372
568
211
738
1291
945
301
2111
1011
205
565
637
2173
503
349
780
1295
1932
817
452
1678
1618
351
779
274
484
489
1547
422
429
1454
2423
293
1390
2104
997
1508
2103
891
690
415
496
342
1044
841
1471
457
581
1651
858
1038
20000
518
549
511
1638
713
355
388
20000
199
602
402
473
1869
215
419
1063
573
479
415
434
1252
725
875
528
2278
887
287
462
267
275
884
714
582
1559
624
1203
553
1042
1119
540
1512
323
430
883
2200
1287
884
2152
417
413
1086
1256
1137
1777
273
527
1007
314
1091
1314
1746
618
600
1771
329
2285
704
1985
798
419
432
324
114
686
301
20000
1189
415
589
1366
249
585
1423
1423
1290
1372
450
394
465
690
566
616
379
915
671
1264
245
450
334
927
333
504
982
321
595
546
2260
634
489
1475
754
666
209
454
1758
540
2859
2771
1412
1965
469
497
971
697
788
751
364
2187
394
1366
186
430
943
741
1375
471
614
242
395
618
1253
459
241
947
529
688
959
1666
1140
374
695
294
471
989
467
346
283
285
551
960
917
634
259
514
768
974
910
352
230
541
288
1662
1261
827
608
261
2419
302
338
483
299
730
956
1576
1442
2796
439
264
2245
662
536
1136
926
978
761
730
447
710
222
311
175
479
220
882
468
688
341
1496
418
1088
1801
381
404
1285
1006
684
450
689
1079
1614
1349
689
706
141
441
421
1302
656
369
1512
426
864
1156
630
491
2070
1640
1566
1203
690
1784
1943
628
937
444
1205
722
1247
890
731
245
1003
765
404
821
366
706
545
455
1900
2141
1829
1795
702
378
3645
392
3546
1900
370
794
1422
485
703
570
1149
340
435
1405
1771
271
1183
816
565
468
1825
853
456
640
434
706
375
3041
348
569
697
637
1231
644
912
1272
1550
891
159
506
1238
1551
2015
578
232
915
479
527
1886
738
597
1438
1254
1429
912
1968
197
1373
535
312
549
1465
1113
904
576
678
1084
698
715
20000
235
1150
636
2994
427
974
678
516
903
557
742
705
2205
520
387
362
412
1133
1335
1313
378
1490
1148
465
1698
20000
375
300
1253
1622
514
401
4302
2116
1854
656
1222
133
1378
1355
20000
497
923
418
308
1953
266
285
904
1245
227
609
1557
794
996
20000
358
359
199
652
451
1458
1419
412
228
773
1723
445
598
1243
2815
980
441
1511
1135
742
305
363
1230
234
1173
303
951
206
861
608
1758
404
999
586
196
932
432
282
473
1141
655
283
380
614
1547
935
196
2407
485
361
644
725
438
315
623
1082
768
699
243
388
949
777
798
2699
390
191
593
461
1707
1226
367
279
460
1018
672
285
1705
20000
862
422
374
290
585
658
1212
1179
290
523
1879
1296
1578
1120
1072
1218
748
388
426
1376
521
969
353
738
521
1216
840
688
225
742
560
768
505
252
1663
589
293
967
622
356
252
1267
1629
623
424
266
1639
593
864
1965
376
4965
1109
463
357
987
820
554
936
474
367
2660
381
2013
1023
288
183
248
403
331
232
1207
711
1510
1616
846
467
963
329
1027
2816
667
258
1062
437
641
2173
2567
1125
2191
189
1757
334
328
859
1163
974
305
346
2194
679
1747
512
905
843
2507
591
1155
434
2552
517
624
495
211
2084
360
1182
401
832
974
1056
2216
2010
671
20000
286
879
462
210
1011
293
717
1606
762
952
354
947
773
1427
554
731
325
641
1999
1618
1045
391
1028
495
535
1664
1473
368
430
538
625
928
988
1349
1254
2206
1444
480
838
388
155
1826
379
1105
454
754
992
457
20000
1568
1606
1364
1179
1348
272
1052
485
884
524
538
363
268
420
1473
316
601
113
846
925
20000
486
468
1495
1007
1131
1360
238
908
661
1571
253
395
203
2578
1738
453
324
505
1215
1573
1323
601
1483
1330
415
368
241
20000
493
1176
736
1399
1565
2328
741
1299
20000
960
769
825
863
752
520
429
882
418
1057
1785
625
564
1106
743
183
687
657
1930
320
418
549
634
455
1253
477
1074
375
370
438
2111
442
937
440
516
789
476
744
1990
186
442
225
664
749
544
1167
371
762
671
2402
696
667
434
834
695
1506
1792
996
908
289
979
1006
1884
1129
417
685
189
472
1513
1081
459
778
741
629
325
443
479
296
515
627
20000
414
860
630
444
500
214
219
548
555
618
928
510
1518
329
902
457
932
890
455
277
521
845
1537
238
1136
1671
1025
212
1583
1484
505
463
446
1731
641
562
1734
466
1388
353
414
765
593
1128
312
2219
611
600
276
1036
369
1323
2166
377
455
213
521
371
629
343
1154
675
614
441
735
986
435
1604
835
731
245
406
487
678
1002
799
1124
513
303
2737
2249
1003
2129
274
225
184
544
887
606
1214
937
357
1274
665
412
1316
361
267
20000
2690
1209
205
20000
757
1814
408
416
2099
1075
913
592
470
1376
2121
551
868
706
1901
500
872
410
861
151
910
254
444
678
448
1239
1136
766
1635
770
20000
2118
552
658
1143
695
447
1252
666
518
457
440
489
1042
705
3220
736
346
1479
627
802
846
20000
937
441
531
214
782
229
460
190
2075
291
363
493
532
1809
358
269
676
386
345
1260
675
1966
220
231
978
528
496
1114
1463
670
440
765
1154
1367
764
1036
816
393
20000
354
487
2029
625
1040
1788
413
299
488
673
684
292
516
522
1189
727
902
496
1786
981
420
498
1175
1461
460
20000
730
560
809
506
1978
2034
854
1044
691
713
640
682
563
332
976
457
719
912
986
1110
335
451
404
692
971
1128
979
1034
904
2456
597
458
698
922
573
148
1174
843
1003
2188
2254
491
621
1199
616
759
477
499
752
696
441
198
1235
207
671
1558
225
20000
1842
420
2475
1419
745
420
543
339
377
562
407
1277
910
417
1166
586
647
1120
1362
672
1214
945
1248
701
403
536
719
2530
465
672
973
575
457
887
707
1394
810
981
862
690
676
467
782
331
271
918
811
907
1242
2098
1165
941
452
413
231
849
376
3818
312
1553
552
920
384
501
20000
1227
1355
734
782
175
270
397
655
1359
1189
279
1918
425
608
1131
552
1011
250
313
570
939
667
394
545
1634
1208
282
390
455
913
955
363
914
1279
1208
938
1005
702
1325
780
599
854
625
1097
1513
1707
570
744
1040
344
1204
1092
2661
1359
898
722
614
665
280
1033
263
2370
880
328
809
656
759
756
409
199
202
618
686
659
423
355
522
1587
1064
284
193
397
396
1696
558
1838
265
568
649
1550
1116
272
477
352
1484
516
889
1127
458
1180
1159
20000
205
1529
520
2225
747
300
684
1508
1964
306
691
274
510
259
1456
444
638
617
335
251
624
400
454
1943
805
263
957
698
934
1289
889
190
459
360
2087
679
825
300
374
2192
398
472
1458
920
736
533
500
1790
1347
567
2588
401
1057
287
813
260
760
679
473
1760
711
503
411
728
840
20000
303
805
1340
282
658
493
1372
1483
470
690
369
465
1504
433
163
1105
406
338
398
1335
852
353
1833
843
827
464
413
324
399
855
1924
2691
229
221
471
331
903
524
918
265
1378
311
353
744
358
3016
788
1109
393
789
1330
404
732
743
473
235
608
759
1315
608
300
215
2055
444
816
531
878
789
662
327
962
337
147
343
1189
1124
1101
378
300
1617
321
2830
868
1030
1294
679
1342
1637
628
370
829
449
680
1137
868
1539
450
566
452
1057
1232
1226
574
680
259
859
1516
2150
168
623
843
802
1210
447
775
20000
316
1903
2320
655
589
20000
772
380
538
706
512
20000
307
1522
1571
374
855
478
1060
474
398
621
1039
936
227
1282
2262
1127
579
423
674
1111
928
575
330
1134
473
1134
296
2104
404
1435
3668
618
765
1220
363
854
1559
390
349
1870
384
1069
1498
550
748
300
308
213
3486
1081
1168
259
686
576
981
2636
248
833
725
187
380
329
2401
218
261
636
357
462
589
1091
968
286
709
526
350
1036
1329
2587
1515
898
1447
836
500
1183
726
480
746
1070
1329
2544
829
937
717
750
345
565
843
604
863
856
195
186
2196
4505
1586
584
665
548
990
303
2231
1680
3085
706
538
1477
1700
367
455
303
153
465
1299
918
424
1375
340
1374
780
736
1442
241
287
1273
949
1970
1063
977
676
652
1072
773
286
495
482
127
243
1495
286
467
1031
258
908
348
337
145
888
381
319
670
243
634
325
1065
864
2016
1812
1871
830
252
1545
240
2451
1142
347
379
2310
645
1749
196
1845
1265
264
358
2638
488
538
1540
246
892
869
219
931
2189
363
628
971
187
775
706
363
2744
1463
600
20000
667
775
452
1371
429
20000
168
566
1234
1155
733
393
1847
895
1657
1508
307
969
1789
318
1644
333
549
464
549
263
847
431
1713
1462
1892
741
362
357
645
705
370
1773
453
335
1244
451
490
696
1108
1311
171
876
415
576
263
1354
397
1225
355
181
858
2204
2495
1719
383
1671
204
857
482
747
705
699
250
1633
491
425
309
913
1299
336
1677
1269
974
915
627
563
206
1266
580
1040
146
343
359
1087
1888
808
2950
550
337
344
676
798
1910
875
145
469
280
577
695
895
531
583
1697
311
710
591
255
226
777
886
1969
20000
1484
839
936
1081
302
368
516
703
404
419
1001
519
141
584
320
482
755
426
614
2631
1358
1105
593
20000
908
1150
197
392
395
1128
409
447
1155
469
1252
470
1045
800
776
416
1373
1383
624
1744
1140
1633
1673
1398
580
1435
236
243
322
786
1383
1719
1539
304
805
296
500
860
1919
668
683
864
1068
2053
426
819
690
533
407
914
613
1258
1527
1336
910
370
2499
586
906
671
1766
715
1219
913
163
278
325
980
331
20000
1674
1481
146
918
1173
825
763
470
1075
546
391
676
1856
536
692
260
512
330
450
446
174
927
1021
758
1008
2379
229
299
385
2027
365
1340
450
374
20000
322
262
422
292
370
170
201
301
20000
658
453
1465
1226
679
354
163
794
478
1662
282
632
20000
769
821
1201
714
2900
2576
1112
658
263
569
1831
725
790
193
643
536
529
1055
396
1689
526
708
344
762
544
953
537
1369
381
1399
761
800
813
699
531
555
440
1079
447
2301
327
20000
404
416
451
312
1311
139
1123
1767
422
969
456
901
3578
765
917
910
2249
776
579
541
329
1013
256
538
741
402
1385
372
207
253
230
974
493
345
820
829
564
266
983
532
417
1524
549
85
3031
427
131
872
1382
764
862
778
1333
692
1700
478
1558
572
616
613
752
230
191
1061
626
186
513
616
533
1349
619
551
405
1162
211
342
634
1643
590
893
612
298
1219
228
779
148
341
611
566
1052
607
544
742
582
588
730
293
814
767
762
798
917
423
821
341
1108
793
575
1870
286
298
179
722
360
930
3602
359
499
882
520
659
384
1799
293
469
824
323
1939
1983
495
492
1001
744
746
914
425
428
873
322
729
496
234
276
862
889
369
1886
1723
1043
4350
623
685
681
667
570
322
719
1371
970
950
490
916
1073
1442
2695
451
1157
401
669
1263
1333
377
284
1642
1242
664
586
715
482
849
506
728
439
961
1251
1031
758
487
598
2152
1417
1177
152
411
784
556
1878
425
1855
847
479
113
286
815
3701
706
1065
414
2146
461
1156
514
204
983
985
634
410
653
329
678
3322
314
957
1175
411
1290
937
2772
354
1272
504
1358
445
3110
1422
1025
567
334
2974
539
402
335
522
1601
301
877
1639
2135
364
691
913
470
511
400
314
803
1059
903
470
2340
683
912
566
2167
453
414
655
373
2004
1511
333
1030
272
388
592
584
367
726
875
343
491
1008
280
263
711
208
512
734
287
710
728
794
2627
689
665
330
1150
408
349
247
715
1258
383
1064
382
1552
1464
603
1254
425
429
214
1518
1430
1010
1029
328
500
592
538
276
1115
570
1773
777
705
520
252
910
1234
820
288
710
1883
1266
486
552
259
1267
1082
777
496
557
581
496
1077
380
402
205
676
268
1608
1140
361
347
821
373
693
1350
529
272
802
1682
1619
398
308
619
455
2784
1461
367
1274
948
874
823
405
1168
925
2267
274
1393
1037
705
1569
362
1040
1217
825
761
1690
612
610
355
634
867
468
501
1133
1944
259
578
394
878
364
565
20000
492
257
455
2145
779
325
254
1613
2128
677
470
487
759
235
1028
1625
469
746
1223
370
495
2188
177
931
1087
1610
1057
1410
702
20000
265
1537
293
412
601
606
807
209
791
1494
1103
309
809
480
1673
1227
338
265
289
402
664
3298
204
837
959
929
2585
381
729
304
384
649
745
551
1541
576
2489
451
821
812
1557
1239
872
489
388
1591
1290
1662
574
482
764
325
1709
1218
521
438
718
301
698
696
847
602
2107
496
668
659
424
691
355
727
222
20000
422
162
426
476
898
509
597
1947
838
1709
371
481
873
538
1185
867
984
1089
779
493
804
3728
730
309
514
1776
648
420
501
1879
814
718
538
367
579
314
606
805
362
1036
1514
202
416
814
1409
700
1079
2001
371
1571
1917
998
336
1226
491
1465
1333
694
1517
1861
377
300
743
420
1118
253
2407
452
288
270
289
1114
773
244
765
842
614
1915
628
579
1141
1377
498
3128
312
849
1048
1289
314
958
449
2133
257
286
2656
728
413
1434
1193
265
1440
1294
257
285
410
1270
317
576
238
594
148
506
518
511
934
353
1406
367
782
528
655
966
467
722
256
314
599
1003
1396
982
525
1637
1305
290
523
217
372
673
633
366
260
818
767
1483
1587
585
576
1258
719
1330
356
956
1093
1430
2167
1041
210
1829
723
1276
1032
385
1514
20000
468
722
830
216
489
570
461
292
383
858
955
1909
431
555
1078
638
2422
667
456
1658
392
1293
1083
1487
935
694
261
1400
468
102
385
966
921
577
2834
1307
1286
816
279
1124
376
979
649
726
2386
771
652
590
470
1641
2119
637
1356
765
540
297
290
411
531
1287
718
666
522
1039
325
1593
20000
592
1244
791
1062
367
872
480
489
785
1170
478
1426
360
597
818
430
864
274
555
1068
514
253
1264
1822
468
1183
1322
1314
382
761
457
745
331
909
253
684
918
176
2346
1141
2150
516
2016
1059
519
354
1748
1567
603
740
843
571
481
240
1097
400
491
743
992
433
1513
565
253
443
20000
321
996
658
685
288
917
371
1333
454
621
351
291
300
259
929
1006
683
1077
1178
1317
375
254
803
909
368
1348
755
1723
538
2485
883
791
1163
574
294
543
345
1261
824
520
637
2096
1279
1091
640
548
423
1089
20000
637
1184
277
220
272
417
622
945
569
1990
230
2549
882
189
1506
947
417
284
473
724
708
530
567
847
648
177
602
723
563
1336
541
999
861
1390
849
881
489
1596
1815
1313
231
311
527
214
180
539
1508
503
20000
20000
628
1664
654
442
352
626
1540
638
1422
326
854
560
1400
392
531
369
693
540
520
265
1137
20000
596
1003
1191
454
380
1775
497
167
1255
905
1232
280
587
850
1675
1598
811
478
426
533
677
501
20000
641
1259
1164
319
827
1593
322
563
622
377
2291
1350
756
640
1423
1525
1020
565
1502
543
606
1279
272
174
769
630
729
1142
472
1080
657
1342
679
458
433
425
2096
2268
396
882
948
137
20000
505
1802
821
456
545
997
250
2648
1141
533
1192
952
689
947
690
151
390
583
20000
1438
871
353
1237
247
1013
1716
734
596
471
1014
831
1620
2015
270
2236
1389
695
708
565
434
204
796
857
290
707
349
589
249
201
669
1084
240
1993
20000
184
1279
275
1046
928
526
2234
2336
406
1571
348
648
2944
830
696
526
199
169
1161
1676
1122
20000
4121
518
1160
701
913
260
532
559
884
416
458
777
578
472
440
316
400
1549
363
903
521
20000
485
662
633
476
1343
697
911
1660
1249
493
488
289
444
303
1009
280
400
451
229
890
288
554
690
176
1016
436
717
245
915
623
2714
319
450
1982
969
646
348
386
872
1415
1968
366
292
545
1195
426
496
548
2599
1189
478
1861
600
1310
279
607
1136
178
378
392
625
974
2571
1175
733
596
1031
629
446
219
616
1718
642
390
316
530
545
759
700
485
1146
1124
465
512
1332
944
751
467
608
2468
754
850
216
286
1293
406
309
848
749
199
707
234
559
426
945
2283
1135
1903
545
1221
2516
649
315
1398
760
465
518
469
380
921
627
215
486
1466
435
382
1267
643
1098
1174
1461
971
438
221
671
275
431
874
2217
272
1768
267
836
541
701
240
1939
547
808
1772
1496
797
427
1403
3143
1055
347
228
1281
1256
563
725
2307
562
453
189
221
451
650
20000
145
323
797
609
919
848
1720
1036
1519
1524
164
234
611
710
190
1403
1479
495
509
281
286
289
736
650
639
2787
255
135
525
278
1469
664
775
825
1418
595
420
2906
2193
373
480
1029
518
1021
277
363
519
564
1105
244
2328
597
1730
416
383
2588
423
1049
463
1107
943
883
498
987
283
497
3626
935
1768
1696
944
2370
839
781
1282
587
491
784
702
1005
858
794
1814
292
1908
1299
485
289
939
1337
1173
2011
456
1577
206
519
1301
1050
618
488
1005
725
325
595
772
1658
750
478
1029
418
671
20000
2536
434
334
416
1256
604
889
378
1539
438
20000
512
2219
800
1716
682
670
758
878
391
203
1235
279
400
265
412
1547
1465
655
352
954
848
412
917
1434
2395
554
1357
351
523
756
321
701
435
1139
323
659
2010
629
447
348
474
581
1003
814
1177
2548
962
5147
1251
1001
878
768
983
586
691
1536
661
693
291
493
1388
545
1684
362
1872
738
326
1327
1332
1756
173
419
354
471
866
2366
3162
2749
936
1354
1126
1860
774
654
1297
1175
238
691
1127
1125
1427
775
640
269
416
1594
421
359
753
1488
252
385
1240
996
947
20000
475
683
364
1425
486
1023
675
423
428
1153
221
431
623
1176
789
1096
973
296
628
833
657
966
466
436
694
552
1625
563
296
1329
629
2183
431
427
1234
1369
1025
732
502
1901
831
589
1101
313
1065
507
834
954
647
803
562
645
1038
505
247
1127
340
1727
1366
423
395
804
1267
2362
575
546
459
529
635
235
1175
255
1895
174
723
540
565
727
746
155
570
907
719
566
598
632
1040
364
430
193
618
411
965
1002
1148
1119
825
3099
370
797
1042
297
552
1374
667
665
517
219
3151
482
386
928
1724
799
899
274
2060
1167
693
2656
723
2336
2858
1360
544
460
874
1710
1572
494
517
581
498
225
1024
570
1052
489
547
1056
1212
3036
449
1166
407
297
4114
772
714
299
1305
973
276
915
665
2058
771
20000
453
574
1908
1016
500
652
1531
258
1323
538
243
462
685
1390
374
785
655
492
1673
427
2986
2143
371
328
727
1724
774
385
464
596
686
417
558
1111
204
482
735
324
292
245
3485
508
366
1196
737
520
738
741
938
1777
1315
561
1557
568
628
180
389
441
1224
618
551
499
216
411
547
1364
723
1240
1454
1076
648
349
323
322
1278
340
809
327
239
521
842
114
1551
1167
1086
505
1251
212
942
367
445
775
927
269
437
1031
1323
283
1701
1308
360
522
542
1077
1121
264
691
1655
284
762
417
768
782
1077
236
816
611
690
500
884
1797
457
258
2261
493
459
997
1375
1056
1464
962
1356
758
573
466
253
1348
1030
3709
802
565
1914
1287
631
531
1199
881
1441
342
998
1029
625
387
606
766
824
635
828
362
437
125
2187
1988
932
473
342
470
842
746
302
744
1345
413
1689
253
20000
975
578
1273
1190
363
1807
1894
956
1002
383
1341
214
650
465
887
1822
963
258
656
276
876
683
606
399
683
607
508
574
181
376
1877
583
283
20000
354
1878
20000
261
1363
949
697
352
1507
2075
265
264
316
245
586
1032
451
641
267
942
1477
847
1187
653
4473
485
651
1054
1100
640
2461
1012
332
1107
1431
1041
733
1340
819
1232
20000
956
725
20000
465
331
450
147
1350
596
1275
1476
685
2085
1255
340
280
1235
806
333
463
2014
412
470
393
1157
1617
1080
466
352
547
670
575
859
175
1761
777
358
744
1597
193
384
1569
371
581
1234
681
984
293
829
643
393
1271
326
164
1391
596
613
2404
1562
979
235
741
391
513
258
340
378
801
215
1040
1990
796
836
754
1243
655
280
360
766
445
414
1358
576
1486
428
785
776
661
406
1560
1269
2643
1667
700
2066
866
663
690
668
544
448
543
615
507
504
481
2306
421
2355
299
1125
560
290
1927
1278
686
574
888
390
335
479
823
2253
308
2325
462
536
1207
2312
232
1636
2748
797
487
457
3321
1704
1336
584
1682
252
1079
177
791
604
561
665
1073
243
1053
123
668
2122
1136
500
728
950
2624
231
1657
982
582
707
1042
823
963
339
177
874
547
799
1013
353
2071
218
2388
881
380
575
366
706
870
540
847
254
374
1197
286
724
414
1123
360
383
266
462
292
558
1176
165
2186
1593
333
873
1767
335
208
245
452
754
730
1264
1077
1100
201
609
1057
287
506
443
1761
1294
755
3770
1325
488
2204
700
274
605
1151
1110
736
1934
2429
1045
1859
1306
512
865
606
828
676
1514
833
527
671
200
1705
609
508
735
914
925
224
344
657
691
695
196
3554
570
500
1153
212
381
671
351
317
804
2696
1366
1779
1099
471
469
349
826
588
1306
760
476
1068
427
329
204
1238
2128
304
351
1348
517
1890
393
1644
506
1888
693
363
2670
491
647
702
569
819
859
711
817
813
1127
582
1726
1976
1452
1397
671
1733
534
1265
1657
1638
744
542
692
1950
700
3484
1233
20000
1044
622
872
1493
1115
516
1724
375
149
157
501
515
1455
787
534
1161
664
1851
314
1343
3261
896
1650
393
762
1050
302
967
2706
767
768
345
2222
879
1438
677
393
398
443
2689
1042
279
445
1403
1124
1873
391
312
332
511
886
1126
1400
1889
2351
1823
468
837
903
452
941
552
392
281
920
393
1514
684
1366
579
478
501
202
1087
336
377
271
930
1659
648
447
909
560
492
360
794
990
746
400
617
789
1656
2557
384
386
20000
865
1093
259
414
1670
556
835
1187
833
434
423
706
1059
568
1520
811
285
716
160
759
518
561
239
233
1272
1343
193
509
136
433
1229
374
600
1031
613
1563
529
609
916
810
2411
1965
774
597
440
306
223
1157
348
1304
2964
182
1496
1449
236
181
471
842
20000
616
1169
596
1770
384
626
497
409
1092
1054
3035
169
1291
509
455
279
621
532
1076
608
259
416
1943
1799
1378
857
400
216
849
1218
593
2580
935
891
2321
524
194
427
20000
1264
407
623
416
562
1134
297
525
796
1665
557
746
271
20000
1133
1101
232
609
577
639
579
719
973
265
2366
280
3526
272
433
844
1300
292
3366
747
20000
505
855
477
833
940
692
934
3063
365
365
351
701
553
531
807
864
349
502
1285
504
947
740
703
589
611
838
173
647
374
1538
1004
723
291
1667
677
492
1088
2067
736
1032
912
460
205
1280
1790
1145
491
1173
411
226
498
303
713
451
1712
1499
661
626
285
2817
457
617
974
1341
704
2069
945
539
721
402
818
249
1013
593
306
1035
580
887
210
487
595
20000
258
436
389
829
1443
791
492
519
202
1202
354
344
857
500
1089
560
2619
1663
494
1055
825
542
888
1760
839
507
292
1233
698
691
582
985
773
1389
660
907
1313
1226
939
164
406
793
1732
287
320
254
1387
1098
873
1766
851
602
489
443
1216
462
1238
385
2324
774
543
367
1854
1009
383
546
1295
396
564
522
1330
2079
658
825
1155
284
469
1652
1318
855
365
1226
806
1326
1102
1222
2385
375
626
376
1599
441
578
727
573
432
563
284
406
456
370
1579
1883
641
330
587
1717
373
689
449
642
1241
465
1500
446
429
456
623
984
481
439
588
383
1090
1368
335
219
647
504
553
1571
534
784
713
189
415
455
721
709
354
411
673
509
371
330
407
761
570
600
943
624
427
173
562
1365
1795
856
544
499
1246
425
563
2327
653
915
868
392
628
682
230
645
282
252
1369
417
201
1685
1124
814
1299
575
676
896
1382
661
575
773
1409
1020
376
20000
618
284
1790
394
674
662
2097
1207
285
636
2179
844
825
1945
497
665
276
881
2175
346
1262
353
331
2189
823
718
739
486
2223
342
774
884
1550
222
988
859
150
337
139
533
345
483
575
675
742
342
806
361
20000
2603
478
3142
477
382
456
322
249
220
485
630
599
319
713
372
2445
664
565
770
1100
290
831
881
20000
455
326
739
1218
904
20000
300
1252
1416
693
1263
1084
871
674
1042
398
1173
745
2023
691
1350
231
786
1143
1279
266
493
556
451
252
3847
509
1225
836
533
793
927
214
836
786
386
744
991
267
412
641
1067
649
301
496
509
595
504
371
901
2062
373
1180
640
669
662
1916
1387
627
1801
1584
344
651
495
1242
286
967
1770
1546
581
616
286
1033
874
984
431
1424
1754
377
346
288
928
261
794
926
1692
1125
449
336
1627
450
490
2306
1217
510
432
2674
816
1159
501
1116
1368
1350
2383
908
834
1974
1405
745
252
1391
1231
516
545
1187
545
413
729
699
586
939
412
280
566
575
596
221
888
650
564
805
1523
404
1466
683
939
415
793
1105
837
744
396
312
263
267
1089
1672
334
305
1583
492
568
314
1034
249
226
1624
20000
268
557
452
960
636
560
899
20000
287
229
367
460
20000
1042
2112
1195
295
310
557
1988
281
251
1912
743
1601
629
1801
472
1272
543
1112
1516
1120
994
697
819
302
278
876
189
693
482
362
857
180
944
357
228
500
2035
544
632
961
235
411
396
307
512
878
439
282
2234
818
534
1719
445
1926
2063
212
1184
1256
256
375
226
395
416
430
653
465
1200
1196
318
657
1376
20000
687
863
1522
450
255
1095
374
2141
2863
1333
1457
952
746
395
1177
203
1165
630
414
2232
751
228
1292
1197
544
568
1361
1633
677
234
1196
809
1083
469
345
1224
456
772
1270
464
733
1623
2085
283
483
1187
2223
520
330
625
2218
922
508
1123
1115
640
607
414
742
468
1653
1564
728
427
454
700
570
689
316
514
1759
1493
885
337
890
1235
1763
834
926
602
417
416
314
1146
574
1387
514
598
950
1197
778
2743
375
697
291
408
468
2224
293
696
720
1305
1892
825
436
1298
531
203
883
355
757
307
964
606
641
330
515
391
612
252
1246
344
1512
474
1274
1015
879
723
933
396
271
338
416
435
3632
763
512
1177
1414
297
365
402
381
638
973
462
878
1286
2113
1199
875
450
913
363
643
1798
1759
638
912
1592
727
312
418
270
20000
364
364
1003
1481
1877
674
809
1147
860
993
259
1375
438
262
484
1274
2362
347
563
3308
447
1042
1631
1044
1208
1275
984
764
865
203
553
1356
569
398
226
269
431
359
659
1733
543
815
780
559
3251
889
2341
409
798
1165
1838
804
1079
720
396
558
151
1339
2226
123
425
346
593
293
324
862
1326
1827
237
1386
379
311
221
632
394
919
614
200
262
293
700
372
565
686
416
949
481
696
142
369
314
1150
472
669
570
840
234
893
333
267
253
945
1541
831
436
635
1218
1803
209
808
480
693
954
311
301
2294
257
2505
756
1159
522
329
231
421
997
1863
347
291
185
334
1793
623
389
339
397
1373
738
1889
954
1491
470
237
611
1163
20000
368
2435
1523
722
677
1059
1004
658
616
158
1561
3008
855
244
814
915
527
20000
20000
385
503
684
902
698
207
768
332
1101
390
2555
720
1124
103
1083
739
961
248
1574
1529
353
464
236
284
606
662
1412
549
752
1180
259
646
1353
1996
621
357
458
802
855
1215
1877
1490
1362
659
1357
1683
770
485
405
739
247
645
524
567
595
1590
699
878
657
352
1741
1266
1452
655
1393
1998
787
309
1201
551
1481
218
994
867
624
741
381
887
1049
609
396
370
367
385
2403
492
392
457
704
917
1032
1324
840
2166
1151
466
575
1016
1005
780
408
863
841
1915
2050
708
644
454
371
615
347
877
477
1912
1913
934
569
412
2222
1121
1473
20000
468
596
786
389
716
676
398
408
1121
1656
804
1151
1008
367
437
447
1130
385
1358
887
2464
414
414
2315
1313
266
695
175
494
971
1300
454
436
255
362
1272
2577
861
1221
323
1115
598
477
263
666
2255
456
411
1024
330
413
573
370
422
557
762
1284
228
247
1873
267
1419
729
2716
2460
474
543
2771
796
1122
956
575
356
436
279
873
521
709
619
690
331
284
788
247
462
226
2260
1356
1044
951
878
520
602
1134
545
1841
652
690
3718
917
326
300
689
642
626
486
457
1161
484
651
714
603
3490
335
2393
727
905
585
1335
2638
382
301
994
1629
876
713
756
261
535
1720
990
961
943
774
3321
745
1660
532
2061
467
347
572
485
1277
896
365
599
1679
891
784
486
1553
783
1935
292
500
1033
418
757
1045
1629
110
761
373
1224
730
1529
379
443
509
424
20000
991
478
533
557
412
219
517
663
1540
918
248
771
1988
745
408
1055
170
391
1589
348
760
1087
1251
192
604
762
395
476
628
1482
325
559
340
523
1156
1564
538
309
1072
163
1907
970
232
387
1651
1249
1471
2536
1201
100
1215
778
1124
557
1949
20000
913
566
3968
1727
286
769
721
1797
205
317
1824
546
1089
768
330
519
663
1577
611
1072
1367
1550
1825
962
264
490
963
616
308
420
519
1158
20000
778
888
703
676
1714
396
1397
1216
391
294
234
383
507
557
657
273
483
1841
20000
517
259
1375
426
415
2284
642
20000
510
396
439
1751
678
683
779
1143
898
1246
1560
236
443
1031
702
322
301
363
280
757
981
627
578
1094
20000
665
2113
1026
1194
2402
796
569
259
363
941
4014
837
496
649
516
340
2280
632
1363
1149
445
958
894
1020
1047
936
2675
396
1997
222
156
922
941
146
317
588
1158
2369
238
1923
1352
242
352
675
677
1300
575
725
1334
612
436
710
1077
886
1356
297
883
524
938
1279
482
845
1861
1339
1452
375
1078
1140
900
441
452
1934
301
1156
1097
706
537
707
2018
746
1294
917
240
796
1636
523
857
325
2223
751
505
920
445
1064
910
286
661
899
939
742
726
653
259
974
506
465
486
980
498
430
96
1126
1605
1613
1215
555
474
306
614
468
1034
210
660
401
478
544
705
780
1352
744
440
405
306
656
1510
464
417
750
742
2270
1181
417
301
579
526
392
595
3887
797
375
664
358
302
2436
727
1326
1257
1789
742
1257
409
1627
717
668
1218
581
1362
2270
383
798
623
1132
1559
1072
583
457
258
840
3101
370
2520
545
1025
670
686
594
214
405
278
404
489
1189
922
626
1082
20000
930
427
976
20000
2231
137
528
354
598
613
873
265
153
1285
817
2040
20000
267
1365
516
838
574
3742
522
472
682
713
1397
1096
360
422
488
592
122
1696
740
312
797
1966
462
537
267
367
1010
295
596
357
541
1645
1753
330
1061
342
365
1104
3041
1274
518
862
795
1386
2094
1452
228
164
861
312
727
490
1640
1289
487
1765
1011
376
255
2008
261
346
1838
497
2147
991
979
1235
286
1842
170
278
1081
203
1851
2180
691
1799
298
713
419
466
505
576
2282
787
245
305
1680
1931
1519
614
568
651
460
2258
561
1504
513
776
478
540
276
1946
472
1896
1196
769
926
320
1872
752
621
223
443
20000
937
301
415
1175
939
470
665
266
1027
205
254
624
1235
1107
320
1462
892
771
1602
166
3054
563
2994
270
608
981
732
582
927
888
346
778
458
706
630
20000
20000
807
1174
237
667
662
1288
651
1324
1581
1472
1858
486
497
3144
785
1302
321
1800
2043
676
337
1056
165
1556
1691
655
1221
1014
406
355
488
590
1529
533
20000
405
1719
944
594
353
595
228
723
698
1616
338
435
615
649
930
1006
1417
1053
1427
1575
1116
527
323
401
995
246
670
757
335
550
882
478
488
822
320
1263
194
698
1480
805
593
284
197
513
1391
1075
1570
555
1305
626
960
576
636
583
908
2664
263
1304
1041
171
687
646
432
1208
245
859
610
332
614
1101
890
558
2555
333
394
870
674
885
808
735
653
924
153
1209
276
347
434
670
797
2279
914
455
185
1339
465
1077
452
822
2791
1452
977
883
644
447
583
664
1732
715
1128
1097
166
223
575
580
1882
300
278
151
532
524
494
675
296
1626
480
317
728
2867
1351
176
1042
429
1539
620
746
375
991
1433
353
298
2393
942
472
500
1092
474
723
531
699
1225
2361
1514
2094
1340
574
534
579
989
488
319
464
1129
214
1244
1325
2019
213
720
1186
382
594
2030
692
1650
469
627
1214
276
598
1581
1561
1382
1769
321
512
922
1829
322
2319
1360
761
423
809
707
1336
3366
1147
688
1932
357
377
884
401
722
792
1850
245
1684
183
326
804
1291
378
1216
454
455
1040
534
656
1063
761
1240
2039
767
1972
1584
805
197
309
846
1970
350
582
1119
966
532
1399
792
2280
609
598
2254
984
738
311
898
824
1981
751
1259
1066
548
278
317
2071
1289
475
940
1900
424
375
496
808
625
422
716
304
843
266
983
426
1553
436
1583
20000
2140
354
959
989
1387
1510
718
1310
1405
135
630
1215
790
250
1088
515
788
720
1054
605
285
778
1014
678
666
864
398
712
641
1954
368
315
673
839
535
708
335
363
395
624
462
533
618
1732
707
1708
496
387
840
610
1814
417
405
414
1110
166
314
414
1326
2283
836
1041
1226
663
1446
375
680
896
827
328
20000
1402
648
1349
656
657
252
1037
978
1137
1675
1183
871
1697
680
1829
822
388
457
706
1459
1236
968
839
987
429
431
1006
1662
1181
477
284
494
785
20000
540
337
330
929
1651
575
390
469
615
1628
1116
1945
537
1001
466
984
890
533
527
1061
171
430
1888
351
1060
1903
459
1015
423
1684
585
186
1812
203
658
2101
643
928
1740
466
3379
269
1664
1034
2822
1746
666
748
1832
522
1305
910
462
314
900
841
867
490
1586
419
805
831
984
387
857
850
420
1953
1367
123
316
259
1003
1582
707
616
2192
224
667
451
556
3079
797
2181
452
491
295
933
338
2095
334
782
380
400
1143
476
1987
367
995
337
259
1504
1084
335
1650
567
1190
396
451
334
470
1262
466
898
1856
753
178
1231
980
534
695
915
1096
1001
780
1831
833
1240
407
3425
458
187
1403
2205
465
423
896
1978
511
1246
265
489
566
476
326
1581
250
457
2707
477
1232
2121
1056
939
1270
642
600
1370
319
1176
178
527
292
325
1740
626
512
1549
2545
711
2630
1055
251
1964
890
730
416
467
354
412
685
225
334
472
795
406
1488
1957
558
559
2725
590
787
2263
1129
378
20000
838
816
523
895
1866
1104
912
596
2688
20000
539
866
240
638
721
1103
552
817
399
613
1758
20000
425
1709
1060
223
205
806
359
221
398
743
1171
1545
1376
2212
211
648
1861
251
1513
255
469
689
1135
675
463
495
757
529
709
2514
376
827
651
342
432
1304
492
1919
255
681
1010
2046
482
916
1322
1497
1117
947
735
527
941
992
139
402
885
535
219
231
3226
1696
586
386
915
477
20000
261
1954
1261
1281
1098
20000
1297
20000
393
946
410
1649
1886
369
344
3623
1008
625
198
364
408
438
623
957
903
721
1286
416
587
1977
648
493
1801
1181
851
365
595
366
675
381
796
396
933
820
1689
398
629
218
1013
507
1089
1328
20000
2204
513
20000
1191
253
267
1619
1857
171
398
405
813
972
2685
410
278
495
605
208
1363
693
964
208
1381
1215
863
796
255
655
2304
813
1018
599
479
343
1929
1084
410
398
470
198
1036
262
699
519
260
327
20000
479
1784
918
320
434
495
366
604
357
709
1372
709
572
759
947
449
3120
292
1509
155
940
880
341
544
305
853
3555
634
335
576
527
235
618
794
747
242
376
398
548
1398
206
285
404
1270
581
428
875
1560
319
403
120
378
380
243
1191
609
372
181
251
547
303
558
409
873
814
919
829
218
850
928
3480
1746
775
912
238
577
414
595
863
280
557
686
2725
681
2016
804
1029
20000
1648
1324
804
1715
1153
1777
1443
523
435
279
696
20000
4400
514
469
608
828
238
789
890
516
492
1686
445
654
1116
1254
291
485
1120
691
785
440
1102
463
2245
553
405
2397
384
1046
115
773
617
912
718
2187
618
1503
1745
1169
357
2083
1702
1068
422
1003
1160
1435
718
285
1749
403
692
731
1233
1397
488
351
597
261
1273
697
914
1104
1965
472
814
744
1626
491
2568
336
428
1532
2788
1238
3229
559
649
189
1315
259
2579
1293
617
237
184
1138
655
595
359
765
816
376
1460
432
921
283
2827
663
531
522
367
554
754
991
781
1557
335
603
955
568
545
1738
650
347
180
700
412
698
510
472
372
291
716
302
983
1133
381
824
1089
580
540
1247
332
360
1313
351
543
294
389
216
1042
2464
1290
534
1203
372
1088
638
310
349
1219
696
1554
2438
1789
442
454
287
893
658
573
658
391
1074
865
2397
661
683
2089
2368
1099
1245
736
389
286
3731
215
2805
918
334
975
553
1008
1049
1055
446
475
1225
1547
436
1160
1440
456
277
786
651
481
1090
1710
1136
2000
