908
845
1393
1344
397
848
659
276
1729
1697
20000
245
761
757
539
1357
462
376
1037
1328
973
507
1271
1023
215
996
984
2842
659
189
893
1046
613
842
1593
681
1603
641
502
451
443
276
1034
131
533
739
414
1446
498
1266
159
411
846
630
686
258
1969
685
523
1259
989
436
1255
339
342
917
566
402
2704
1830
759
369
165
475
194
668
910
2966
620
434
345
20000
568
401
462
514
364
753
1583
829
20000
562
307
1256
614
20000
826
1533
572
293
930
181
1557
323
746
1234
553
602
739
1423
536
464
320
1497
865
303
674
430
602
1114
913
215
114
20000
20000
868
619
1150
890
583
567
611
692
919
592
488
618
661
618
1258
722
341
1001
457
495
721
462
282
219
702
1646
296
690
651
1079
806
20000
861
320
1036
556
584
538
709
533
1507
485
1987
20000
675
654
450
301
810
583
275
486
515
262
874
671
985
449
685
1286
2207
363
490
543
989
1044
495
504
1366
920
1068
348
2067
1107
323
830
1346
659
485
1342
191
834
270
1131
248
905
1092
623
672
218
395
667
1117
468
431
666
655
653
1060
1617
2829
191
1814
771
1093
952
1465
1447
171
705
548
1926
455
609
278
1529
573
534
126
1094
972
2309
1002
1563
546
444
832
772
668
624
1802
877
473
303
672
567
205
1504
1500
757
1665
704
1149
465
427
507
742
239
373
1249
2187
369
340
554
2791
234
272
1535
382
691
668
990
1539
1156
298
478
580
273
1166
1461
726
1467
1274
333
4362
507
155
302
329
365
382
1051
828
1786
617
459
430
508
2456
1486
403
1324
1286
1168
422
938
1780
338
381
1250
671
1442
471
733
273
476
399
444
2360
3140
426
291
1288
1260
670
379
781
753
250
435
338
477
1618
809
845
371
846
416
425
808
700
861
983
812
20000
913
687
1103
532
184
1257
582
1255
20000
1272
268
749
1501
1584
664
392
206
759
277
877
1585
524
1458
246
1432
1187
333
281
940
1156
2147
380
388
386
717
622
784
625
467
474
148
1084
627
411
239
473
1323
181
865
391
994
941
2610
2524
364
565
357
527
1133
862
370
235
1259
752
547
359
1530
901
504
471
264
1153
1368
392
763
495
516
458
241
791
897
714
1680
548
813
521
362
1730
1471
1022
2093
2154
1160
1621
328
384
266
1132
798
1142
1225
154
392
342
506
546
1478
489
1646
428
590
1091
866
1041
2037
132
891
1425
989
1181
757
455
459
20000
372
1755
794
1325
1663
919
797
605
487
580
369
1154
402
1919
763
631
1314
468
1083
330
471
424
1844
1550
528
1013
613
867
654
671
260
471
649
493
1019
854
400
648
405
1495
1222
1483
1192
1908
210
930
1634
328
1020
3112
922
1457
684
383
1025
899
1611
456
805
472
438
989
1116
1378
697
813
967
293
1680
823
375
363
412
332
515
702
352
270
312
838
345
660
2005
1837
1058
651
726
239
632
461
824
405
174
599
372
1247
2578
790
376
1150
598
595
680
514
438
2349
189
853
741
623
1420
288
1440
1200
687
273
346
144
1096
255
495
734
2527
503
882
416
776
1002
334
295
363
2052
1142
1014
595
273
412
790
218
486
650
703
638
586
1776
255
2088
1832
478
653
826
591
778
431
733
936
335
1456
1081
666
294
921
462
448
1358
349
817
1493
1243
889
885
686
2035
336
656
642
431
604
805
1350
237
264
686
454
160
1246
355
556
1127
176
400
268
3795
1370
1119
1129
1246
1371
315
1492
380
565
272
1488
689
199
289
364
492
494
731
471
2203
788
638
891
1436
401
541
614
438
1088
188
285
684
3325
427
1748
481
920
804
320
653
2469
1274
971
575
1478
587
1093
425
1991
427
1408
1013
1427
1553
182
460
1225
121
256
195
329
1237
1564
964
2658
453
1079
700
907
188
2490
302
295
1116
840
980
364
1755
377
3535
131
592
529
1005
911
3206
269
1370
497
148
548
232
566
1142
506
461
1158
726
273
1407
252
773
338
326
1279
1399
347
911
866
744
2110
425
605
275
976
548
913
313
2084
1225
699
341
790
638
567
719
1272
700
176
582
857
592
1546
788
813
403
756
1095
949
696
382
665
3515
867
668
1033
1293
352
1547
1073
505
501
143
1844
1111
1260
20000
1756
579
1530
754
297
527
1193
20000
648
567
938
442
875
910
183
1335
1502
272
779
1635
1274
1788
180
596
428
718
500
322
1369
570
1465
852
1357
20000
2457
689
1427
738
479
597
288
559
514
571
2635
906
465
1570
210
341
1055
300
1177
899
615
1768
1058
582
816
533
410
1380
1495
895
442
345
255
267
759
550
1005
236
305
449
354
1303
634
1607
568
2861
849
647
1371
1737
2218
900
737
410
1133
701
1836
1845
708
1151
663
500
425
156
993
1003
1370
461
553
569
364
601
1080
2140
1037
1952
633
373
379
716
942
1058
400
1038
1103
683
672
1548
263
529
1297
1262
427
578
826
225
20000
837
1302
316
1098
929
291
3528
2720
1011
795
823
590
345
1409
699
2239
512
630
375
232
1717
499
445
1106
1063
952
484
681
1110
2613
256
814
1335
1264
325
