pS_I,pR_S,I_frac
0.0,0.0,0.0
0.0,0.05,0.0
0.0,0.1,0.0
0.0,0.15,0.0
0.0,0.2,0.0
0.0,0.25,0.0
0.0,0.3,0.0
0.0,0.35,0.0
0.0,0.4,0.0
0.0,0.45,0.0
0.0,0.5,0.0
0.0,0.55,0.0
0.0,0.6,0.0
0.0,0.65,0.0
0.0,0.7,0.0
0.0,0.75,0.0
0.0,0.8,0.0
0.0,0.85,0.0
0.0,0.9,0.0
0.0,0.95,0.0
0.0,1.0,0.0
0.05,0.0,0.0
0.05,0.05,0.0
0.05,0.1,0.0
0.05,0.15,0.0
0.05,0.2,0.0
0.05,0.25,0.0
0.05,0.3,0.0
0.05,0.35,0.0
0.05,0.4,0.0
0.05,0.45,0.0
0.05,0.5,0.0
0.05,0.55,0.0
0.05,0.6,0.0
0.05,0.65,0.0
0.05,0.7,0.0
0.05,0.75,0.0
0.05,0.8,0.0
0.05,0.85,0.0
0.05,0.9,0.0
0.05,0.95,0.0
0.05,1.0,0.0
0.1,0.0,0.0
0.1,0.05,0.0
0.1,0.1,0.0
0.1,0.15,0.0
0.1,0.2,0.0
0.1,0.25,0.0
0.1,0.3,0.0
0.1,0.35,0.0
0.1,0.4,0.0
0.1,0.45,0.0
0.1,0.5,0.0
0.1,0.55,0.0
0.1,0.6,0.0
0.1,0.65,0.0
0.1,0.7,0.0
0.1,0.75,0.0
0.1,0.8,0.0
0.1,0.85,0.0
0.1,0.9,0.0
0.1,0.95,0.0
0.1,1.0,0.0
0.15,0.0,0.0
0.15,0.05,0.0
0.15,0.1,0.0
0.15,0.15,0.0
0.15,0.2,0.0
0.15,0.25,0.0
0.15,0.3,0.0
0.15,0.35,0.0
0.15,0.4,0.0
0.15,0.45,0.0
0.15,0.5,0.0
0.15,0.55,0.0
0.15,0.6,0.0
0.15,0.65,0.0
0.15,0.7,0.0
0.15,0.75,0.0
0.15,0.8,0.0
0.15,0.85,0.0
0.15,0.9,0.0
0.15,0.95,0.0
0.15,1.0,0.0
0.2,0.0,0.0
0.2,0.05,0.0
0.2,0.1,0.0
0.2,0.15,0.0
0.2,0.2,0.0
0.2,0.25,0.0
0.2,0.3,0.0
0.2,0.35,0.0
0.2,0.4,0.0
0.2,0.45,0.0
0.2,0.5,0.0
0.2,0.55,0.0
0.2,0.6,0.0
0.2,0.65,0.0
0.2,0.7,0.0
0.2,0.75,0.0
0.2,0.8,0.0
0.2,0.85,0.0
0.2,0.9,0.0
0.2,0.95,4e-07
0.2,1.0,0.0
0.25,0.0,0.0
0.25,0.05,0.0
0.25,0.1,0.0
0.25,0.15,0.0
0.25,0.2,0.0
0.25,0.25,0.0
0.25,0.3,0.0
0.25,0.35,0.0
0.25,0.4,0.0
0.25,0.45,0.0
0.25,0.5,0.0
0.25,0.55,8.24e-05
0.25,0.6,0.000262
0.25,0.65,0.00027120000000000003
0.25,0.7,2.84e-05
0.25,0.75,0.0003312
0.25,0.8,0.0006408000000000001
0.25,0.85,0.000594
0.25,0.9,0.0006443999999999999
0.25,0.95,0.0
0.25,1.0,0.0019187999999999998
0.3,0.0,0.0
0.3,0.05,0.0
0.3,0.1,0.0
0.3,0.15,0.0
0.3,0.2,6.92e-05
0.3,0.25,0.0
0.3,0.3,0.000516
0.3,0.35,2e-06
0.3,0.4,0.0032972
0.3,0.45,0.0015536
0.3,0.5,0.0206648
0.3,0.55,0.015291200000000001
0.3,0.6,0.046356
0.3,0.65,0.051186
0.3,0.7,0.0871496
0.3,0.75,0.0939
0.3,0.8,0.102808
0.3,0.85,0.1049672
0.3,0.9,0.12305799999999999
0.3,0.95,0.1294344
0.3,1.0,0.1291724
0.35,0.0,0.0
0.35,0.05,0.0
0.35,0.1,0.0
0.35,0.15,0.0
0.35,0.2,0.0018051999999999999
0.35,0.25,0.0008135999999999999
0.35,0.3,0.0404976
0.35,0.35,0.0744996
0.35,0.4,0.098696
0.35,0.45,0.1178044
0.35,0.5,0.1359512
0.35,0.55,0.145938
0.35,0.6,0.16387960000000001
0.35,0.65,0.1705028
0.35,0.7,0.180756
0.35,0.75,0.1860704
0.35,0.8,0.1987328
0.35,0.85,0.2014968
0.35,0.9,0.209206
0.35,0.95,0.21863000000000002
0.35,1.0,0.2219596
0.4,0.0,0.0
0.4,0.05,0.0
0.4,0.1,0.0
0.4,0.15,0.0045412
0.4,0.2,0.013890799999999998
0.4,0.25,0.0754152
0.4,0.3,0.1061788
0.4,0.35,0.1349964
0.4,0.4,0.1546388
0.4,0.45,0.173034
0.4,0.5,0.1881036
0.4,0.55,0.2023964
0.4,0.6,0.2152276
0.4,0.65,0.2235944
0.4,0.7,0.2328064
0.4,0.75,0.2428016
0.4,0.8,0.2526896
0.4,0.85,0.2558404
0.4,0.9,0.26293679999999997
0.4,0.95,0.27023
0.4,1.0,0.2737752
0.45,0.0,0.0
0.45,0.05,0.0
0.45,0.1,0.0
0.45,0.15,0.0438744
0.45,0.2,0.0866024
0.45,0.25,0.1167268
0.45,0.3,0.1474896
0.45,0.35,0.173768
0.45,0.4,0.19196
0.45,0.45,0.2125432
0.45,0.5,0.2280704
0.45,0.55,0.2423632
0.45,0.6,0.2531724
0.45,0.65,0.263916
0.45,0.7,0.273978
0.45,0.75,0.28126480000000004
0.45,0.8,0.2868828
0.45,0.85,0.29745720000000003
0.45,0.9,0.30235639999999997
0.45,0.95,0.3076008
0.45,1.0,0.3143548
0.5,0.0,0.0
0.5,0.05,0.0
0.5,0.1,8.72e-05
0.5,0.15,0.0702392
0.5,0.2,0.10972799999999999
0.5,0.25,0.14288679999999998
0.5,0.3,0.1734464
0.5,0.35,0.19963440000000002
0.5,0.4,0.21987440000000003
0.5,0.45,0.2391532
0.5,0.5,0.2556976
0.5,0.55,0.267374
0.5,0.6,0.2817876
0.5,0.65,0.2914948
0.5,0.7,0.3025192
0.5,0.75,0.3096264
0.5,0.8,0.319742
0.5,0.85,0.32618359999999996
0.5,0.9,0.3327152
0.5,0.95,0.33819920000000003
0.5,1.0,0.3446904
0.55,0.0,0.0
0.55,0.05,0.0
0.55,0.1,0.0411516
0.55,0.15,0.08433
0.55,0.2,0.1267056
0.55,0.25,0.1628648
0.55,0.3,0.1942252
0.55,0.35,0.2186916
0.55,0.4,0.24236
0.55,0.45,0.2594536
0.55,0.5,0.2761748
0.55,0.55,0.2907284
0.55,0.6,0.3055472
0.55,0.65,0.3157688
0.55,0.7,0.32669360000000003
0.55,0.75,0.33418600000000004
0.55,0.8,0.3419404
0.55,0.85,0.34985279999999996
0.55,0.9,0.3576228
0.55,0.95,0.3621756
0.55,1.0,0.3687852
0.6,0.0,0.0
0.6,0.05,0.0
0.6,0.1,0.052941999999999996
0.6,0.15,0.0991124
0.6,0.2,0.1402724
0.6,0.25,0.177824
0.6,0.3,0.20930479999999999
0.6,0.35,0.2358768
0.6,0.4,0.25710120000000003
0.6,0.45,0.2776016
0.6,0.5,0.2935392
0.6,0.55,0.30809200000000003
0.6,0.6,0.3200888
0.6,0.65,0.333764
0.6,0.7,0.34434760000000003
0.6,0.75,0.3544176
0.6,0.8,0.36238400000000004
0.6,0.85,0.3703136
0.6,0.9,0.376746
0.6,0.95,0.3836408
0.6,1.0,0.3891364
0.65,0.0,0.0
0.65,0.05,0.0
0.65,0.1,0.0616408
0.65,0.15,0.1114688
0.65,0.2,0.153528
0.65,0.25,0.1887536
0.65,0.3,0.22188519999999998
0.65,0.35,0.24740120000000002
0.65,0.4,0.2698456
0.65,0.45,0.2922016
0.65,0.5,0.30811239999999995
0.65,0.55,0.3242484
0.65,0.6,0.337802
0.65,0.65,0.34899
0.65,0.7,0.3602944
0.65,0.75,0.3703724
0.65,0.8,0.3790076
0.65,0.85,0.3864516
0.65,0.9,0.3937876
0.65,0.95,0.39969
0.65,1.0,0.4070488
0.7,0.0,0.0
0.7,0.05,0.0
0.7,0.1,0.0696044
0.7,0.15,0.11750719999999999
0.7,0.2,0.1610836
0.7,0.25,0.1987264
0.7,0.3,0.23230079999999997
0.7,0.35,0.26005439999999996
0.7,0.4,0.2840264
0.7,0.45,0.3043548
0.7,0.5,0.3217172
0.7,0.55,0.3364556
0.7,0.6,0.3517484
0.7,0.65,0.3621596
0.7,0.7,0.373828
0.7,0.75,0.3837476
0.7,0.8,0.3943088
0.7,0.85,0.40107719999999997
0.7,0.9,0.4084984
0.7,0.95,0.41622960000000003
0.7,1.0,0.42240320000000003
0.75,0.0,0.0
0.75,0.05,0.0
0.75,0.1,0.07661040000000001
0.75,0.15,0.1238548
0.75,0.2,0.16815519999999998
0.75,0.25,0.20647159999999998
0.75,0.3,0.2398216
0.75,0.35,0.2685036
0.75,0.4,0.2935428
0.75,0.45,0.3132956
0.75,0.5,0.3333152
0.75,0.55,0.34822759999999997
0.75,0.6,0.36336080000000004
0.75,0.65,0.3765884
0.75,0.7,0.3860316
0.75,0.75,0.3963432
0.75,0.8,0.4065744
0.75,0.85,0.41333680000000006
0.75,0.9,0.4222792
0.75,0.95,0.42885039999999996
0.75,1.0,0.43560879999999996
0.8,0.0,0.0
0.8,0.05,0.0
0.8,0.1,0.079512
0.8,0.15,0.1297208
0.8,0.2,0.1740812
0.8,0.25,0.21603000000000003
0.8,0.3,0.24812199999999998
0.8,0.35,0.2769912
0.8,0.4,0.30194319999999997
0.8,0.45,0.3240144
0.8,0.5,0.34076999999999996
0.8,0.55,0.35934879999999997
0.8,0.6,0.3716
0.8,0.65,0.38475479999999995
0.8,0.7,0.3974652
0.8,0.75,0.40731439999999997
0.8,0.8,0.4165924
0.8,0.85,0.4253792
0.8,0.9,0.4334424
0.8,0.95,0.44058680000000006
0.8,1.0,0.4484192
0.85,0.0,0.0
0.85,0.05,0.0
0.85,0.1,0.0827916
0.85,0.15,0.1328028
0.85,0.2,0.1817352
0.85,0.25,0.220702
0.85,0.3,0.2553992
0.85,0.35,0.2844832
0.85,0.4,0.3095016
0.85,0.45,0.331378
0.85,0.5,0.3489604
0.85,0.55,0.36743760000000003
0.85,0.6,0.38109560000000003
0.85,0.65,0.39568200000000003
0.85,0.7,0.406738
0.85,0.75,0.416666
0.85,0.8,0.426912
0.85,0.85,0.4348396
0.85,0.9,0.44333360000000005
0.85,0.95,0.4499276
0.85,1.0,0.4572748
0.9,0.0,0.0
0.9,0.05,0.0
0.9,0.1,0.0874944
0.9,0.15,0.1387436
0.9,0.2,0.1856952
0.9,0.25,0.2276424
0.9,0.3,0.26111039999999996
0.9,0.35,0.2909656
0.9,0.4,0.317834
0.9,0.45,0.3384656
0.9,0.5,0.35725680000000004
0.9,0.55,0.3751952
0.9,0.6,0.3903092
0.9,0.65,0.4020848
0.9,0.7,0.41489719999999997
0.9,0.75,0.42635680000000004
0.9,0.8,0.4361692
0.9,0.85,0.44427120000000003
0.9,0.9,0.45364160000000003
0.9,0.95,0.4611548
0.9,1.0,0.4666536
0.95,0.0,0.0
0.95,0.05,0.0065756
0.95,0.1,0.0884552
0.95,0.15,0.14158320000000002
0.95,0.2,0.190324
0.95,0.25,0.23068200000000003
0.95,0.3,0.26408400000000004
0.95,0.35,0.2965264
0.95,0.4,0.3224152
0.95,0.45,0.34514720000000004
0.95,0.5,0.3639004
0.95,0.55,0.3824476
0.95,0.6,0.396808
0.95,0.65,0.4097756
0.95,0.7,0.4225196
0.95,0.75,0.4343176
0.95,0.8,0.4434656
0.95,0.85,0.4534792
0.95,0.9,0.4617144
0.95,0.95,0.4687804
0.95,1.0,0.4762276
1.0,0.0,0.0
1.0,0.05,4.7199999999999995e-05
1.0,0.1,0.0915444
1.0,0.15,0.1454936
1.0,0.2,0.1947664
1.0,0.25,0.23671520000000001
1.0,0.3,0.2705192
1.0,0.35,0.3015364
1.0,0.4,0.32820479999999996
1.0,0.45,0.3502176
1.0,0.5,0.3703464
1.0,0.55,0.3886536
1.0,0.6,0.4030176
1.0,0.65,0.4177012
1.0,0.7,0.4296528
1.0,0.75,0.4401508
1.0,0.8,0.45098
1.0,0.85,0.4610716
1.0,0.9,0.46910559999999996
1.0,0.95,0.47655879999999995
1.0,1.0,0.4834656
