t,max_h,M_s
1020.0,5.979049830575188,1664.0
1040.0,6.079302976946054,1646.0
1060.0,6.178596130903343,1634.0
1080.0,6.276913612907005,1650.0
1100.0,6.374239897486897,1708.0
1120.0,6.470559615694443,1690.0
1140.0,6.565857557529565,1666.0
1160.0,6.660118674342516,1690.0
1180.0,6.7533280812102445,1712.0
1200.0,6.845471059286886,1732.0
1220.0,6.936533058128049,1722.0
1240.0,7.026499697988492,1690.0
1260.0,7.115356772092854,1678.0
1280.0,7.20309024887907,1684.0
1300.0,7.289686274214114,1686.0
1320.0,7.375131173581738,1688.0
1340.0,7.459411454241821,1680.0
1360.0,7.542513807361038,1654.0
1380.0,7.624425110114479,1658.0
1400.0,7.705132427757891,1632.0
1420.0,7.784623015670235,1656.0
1440.0,7.862884321366189,1678.0
1460.0,7.939903986478354,1634.0
1480.0,8.015669848708765,1608.0
1500.0,8.090169943749475,1644.0
1520.0,8.163392507171839,1608.0
1540.0,8.235325976284274,1620.0
1560.0,8.305958991958125,1624.0
1580.0,8.375280400421417,1602.0
1600.0,8.443279255020151,1630.0
1620.0,8.509944817946918,1600.0
1640.0,8.575266561936521,1602.0
1660.0,8.639234171928353,1598.0
1680.0,8.701837546695257,1588.0
1700.0,8.763066800438637,1580.0
1720.0,8.822912264349533,1620.0
1740.0,8.881364488135445,1564.0
1760.0,8.938414241512637,1552.0
1780.0,8.994052515663709,1552.0
1800.0,9.048270524660197,1488.0
1820.0,9.101059706849956,1486.0
1840.0,9.152411726209175,1450.0
1860.0,9.202318473658703,1400.0
1880.0,9.250772068344581,1504.0
1900.0,9.297764858882514,1392.0
1920.0,9.34328942456612,1302.0
1940.0,9.38733857653874,1324.0
1960.0,9.429905358928645,1232.0
1980.0,9.470983049947444,1222.0
2000.0,9.510565162951535,1178.0
2020.0,9.548645447466429,1200.0
2040.0,9.585217890173759,1224.0
2060.0,9.620276715860859,1200.0
2080.0,9.65381638833274,1234.0
2100.0,9.68583161128631,1208.0
2120.0,9.716317329146738,1198.0
2140.0,9.74526872786577,1092.0
2160.0,9.772681235681935,1044.0
2180.0,9.798550523842469,992.0
2200.0,9.822872507286887,976.0
2220.0,9.845643345292054,892.0
2240.0,9.866859442078681,812.0
2260.0,9.886517447379141,834.0
2280.0,9.904614256966513,766.0
2300.0,9.921147013144777,752.0
2320.0,9.936113105200084,694.0
2340.0,9.949510169813001,668.0
2360.0,9.961336091431725,702.0
2380.0,9.97158900260614,646.0
2400.0,9.980267284282716,582.0
2420.0,9.987369566060174,394.0
2440.0,9.992894726405892,420.0
2460.0,9.996841892833,352.0
2480.0,9.99921044203816,350.0
2500.0,10.0,392.0
2520.0,9.99921044203816,360.0
2540.0,9.996841892833,336.0
2560.0,9.992894726405892,368.0
2580.0,9.987369566060174,394.0
2600.0,9.980267284282716,322.0
2620.0,9.97158900260614,276.0
2640.0,9.961336091431725,132.0
2660.0,9.949510169813001,166.0
2680.0,9.936113105200084,206.0
2700.0,9.921147013144777,188.0
2720.0,9.904614256966513,172.0
2740.0,9.886517447379141,152.0
2760.0,9.866859442078681,34.0
2780.0,9.845643345292054,-56.0
2800.0,9.822872507286887,-6.0
2820.0,9.798550523842469,10.0
2840.0,9.772681235681935,10.0
2860.0,9.74526872786577,-26.0
2880.0,9.71631732914674,-72.0
2900.0,9.685831611286313,-56.0
2920.0,9.65381638833274,40.0
2940.0,9.620276715860859,-16.0
2960.0,9.585217890173759,-8.0
2980.0,9.548645447466429,-40.0
3000.0,9.510565162951536,24.0
3020.0,9.470983049947444,-24.0
3040.0,9.429905358928645,70.0
3060.0,9.387338576538742,86.0
3080.0,9.34328942456612,28.0
3100.0,9.297764858882514,-6.0
3120.0,9.250772068344581,14.0
3140.0,9.202318473658703,-10.0
3160.0,9.152411726209177,10.0
3180.0,9.101059706849957,-96.0
3200.0,9.048270524660195,-18.0
3220.0,8.994052515663713,6.0
3240.0,8.938414241512639,30.0
3260.0,8.881364488135446,4.0
3280.0,8.822912264349535,-20.0
3300.0,8.763066800438635,2.0
3320.0,8.701837546695257,-46.0
3340.0,8.639234171928354,-20.0
3360.0,8.575266561936521,-46.0
3380.0,8.50994481794692,10.0
3400.0,8.443279255020151,54.0
3420.0,8.375280400421417,30.0
3440.0,8.305958991958127,84.0
3460.0,8.235325976284273,38.0
3480.0,8.16339250717184,60.0
3500.0,8.090169943749475,154.0
3520.0,8.015669848708765,152.0
3540.0,7.9399039864783525,260.0
3560.0,7.86288432136619,374.0
3580.0,7.784623015670235,394.0
3600.0,7.705132427757892,352.0
3620.0,7.6244251101144815,408.0
3640.0,7.54251380736104,400.0
3660.0,7.459411454241822,502.0
3680.0,7.375131173581739,496.0
3700.0,7.289686274214114,456.0
3720.0,7.203090248879071,436.0
3740.0,7.115356772092855,460.0
3760.0,7.026499697988492,536.0
3780.0,6.936533058128052,590.0
3800.0,6.845471059286885,590.0
3820.0,6.753328081210245,632.0
3840.0,6.660118674342517,602.0
3860.0,6.565857557529564,674.0
3880.0,6.470559615694445,666.0
3900.0,6.374239897486895,714.0
3920.0,6.276913612907006,792.0
3940.0,6.178596130903347,762.0
3960.0,6.079302976946053,824.0
3980.0,5.979049830575191,796.0
4000.0,5.877852522924733,860.0
4020.0,5.775727034222676,864.0
4040.0,5.672689491267567,964.0
4060.0,5.568756164881878,958.0
4080.0,5.463943467342692,958.0
4100.0,5.358267949789966,1054.0
4120.0,5.251746299612956,1130.0
4140.0,5.144395337815066,1206.0
4160.0,5.036232016357609,1274.0
4180.0,4.927273415482915,1320.0
4200.0,4.817536741017152,1362.0
4220.0,4.707039321653328,1398.0
4240.0,4.5957986062148795,1488.0
4260.0,4.483832160900323,1622.0
4280.0,4.371157666509329,1632.0
4300.0,4.257792915650729,1656.0
4320.0,4.143755809932843,1674.0
4340.0,4.029064357136628,1646.0
4360.0,3.9137366683720236,1770.0
4380.0,3.797790955218014,1748.0
4400.0,3.6812455268467814,1848.0
4420.0,3.564118787132508,1824.0
4440.0,3.446429231745171,1818.0
4460.0,3.328195445229865,1826.0
4480.0,3.2094360980720973,1826.0
4500.0,3.090169943749475,1870.0
4520.0,2.970415815770349,1888.0
4540.0,2.8501926246997646,1870.0
4560.0,2.7295193551732506,1840.0
4580.0,2.6084150628989704,1850.0
4600.0,2.4868988716485525,1942.0
4620.0,2.364989970237246,2050.0
4640.0,2.2427076094938143,2184.0
4660.0,2.120071099220548,2266.0
4680.0,1.9970998051440705,2352.0
4700.0,1.8738131458572502,2386.0
4720.0,1.7502305897527588,2486.0
4740.0,1.6263716519488378,2494.0
4760.0,1.5022558912075712,2494.0
4780.0,1.3779029068463802,2498.0
4800.0,1.2533323356430452,2496.0
4820.0,1.1285638487348186,2494.0
4840.0,1.00361714851215,2500.0
4860.0,0.8785119655074359,2498.0
4880.0,0.7532680552793259,2500.0
4900.0,0.6279051952931358,2500.0
4920.0,0.5024431817976966,2498.0
4940.0,0.37690182669934535,2500.0
4960.0,0.25130095443337813,2498.0
4980.0,0.12566039883352836,2500.0
5000.0,1.2246467991473533e-15,2496.0
5020.0,-0.12566039883352592,2500.0
5040.0,-0.2513009544333757,2500.0
5060.0,-0.3769018266993429,2498.0
5080.0,-0.5024431817976942,2500.0
5100.0,-0.6279051952931335,2494.0
5120.0,-0.7532680552793279,2498.0
5140.0,-0.878511965507429,2494.0
5160.0,-1.0036171485121472,2498.0
5180.0,-1.1285638487348164,2498.0
5200.0,-1.2533323356430384,2494.0
5220.0,-1.3779029068463777,2496.0
5240.0,-1.5022558912075687,2496.0
5260.0,-1.6263716519488307,2498.0
5280.0,-1.7502305897527566,2500.0
5300.0,-1.8738131458572478,2486.0
5320.0,-1.9970998051440683,2494.0
5340.0,-2.1200710992205454,2480.0
5360.0,-2.2427076094938077,2488.0
5380.0,-2.364989970237244,2492.0
5400.0,-2.4868988716485503,2482.0
5420.0,-2.608415062898968,2476.0
5440.0,-2.7295193551732524,2472.0
5460.0,-2.8501926246997575,2478.0
5480.0,-2.970415815770347,2462.0
5500.0,-3.090169943749469,2448.0
5520.0,-3.2094360980720946,2432.0
5540.0,-3.328195445229867,2442.0
5560.0,-3.446429231745168,2420.0
5580.0,-3.564118787132506,2430.0
5600.0,-3.6812455268467748,2400.0
5620.0,-3.797790955218012,2378.0
5640.0,-3.913736668372026,2350.0
5660.0,-4.029064357136625,2334.0
5680.0,-4.143755809932841,2312.0
5700.0,-4.257792915650723,2292.0
5720.0,-4.371157666509331,2292.0
5740.0,-4.483832160900325,2264.0
5760.0,-4.595798606214878,2258.0
5780.0,-4.707039321653326,2222.0
5800.0,-4.81753674101715,2174.0
5820.0,-4.92727341548291,2228.0
5840.0,-5.036232016357611,2170.0
5860.0,-5.144395337815064,2110.0
5880.0,-5.251746299612954,2146.0
5900.0,-5.358267949789965,2072.0
5920.0,-5.463943467342686,2074.0
5940.0,-5.568756164881879,2066.0
5960.0,-5.672689491267565,1968.0
5980.0,-5.775727034222674,1980.0
6000.0,-5.87785252292473,1926.0
6020.0,-5.979049830575185,1914.0
6040.0,-6.0793029769460505,1890.0
6060.0,-6.178596130903344,1878.0
6080.0,-6.276913612907004,1824.0
6100.0,-6.374239897486897,1802.0
6120.0,-6.47055961569444,1748.0
6140.0,-6.5658575575295615,1718.0
6160.0,-6.660118674342518,1700.0
6180.0,-6.753328081210244,1672.0
6200.0,-6.845471059286887,1616.0
6220.0,-6.936533058128047,1614.0
6240.0,-7.026499697988491,1580.0
6260.0,-7.11535677209285,1552.0
6280.0,-7.20309024887907,1452.0
6300.0,-7.289686274214116,1464.0
6320.0,-7.375131173581737,1422.0
6340.0,-7.459411454241821,1416.0
6360.0,-7.542513807361035,1424.0
6380.0,-7.624425110114479,1336.0
6400.0,-7.705132427757894,1366.0
6420.0,-7.784623015670236,1310.0
6440.0,-7.862884321366186,1270.0
6460.0,-7.939903986478351,1270.0
6480.0,-8.015669848708765,1166.0
6500.0,-8.090169943749473,1154.0
6520.0,-8.163392507171839,1176.0
6540.0,-8.235325976284274,1134.0
6560.0,-8.305958991958121,1104.0
6580.0,-8.375280400421413,1048.0
6600.0,-8.443279255020153,1026.0
6620.0,-8.509944817946916,1030.0
6640.0,-8.575266561936521,1032.0
6660.0,-8.63923417192835,958.0
6680.0,-8.701837546695256,902.0
6700.0,-8.763066800438637,942.0
6720.0,-8.822912264349533,902.0
6740.0,-8.881364488135446,820.0
6760.0,-8.938414241512636,718.0
6780.0,-8.994052515663709,776.0
6800.0,-9.048270524660193,790.0
6820.0,-9.101059706849956,844.0
6840.0,-9.152411726209175,822.0
6860.0,-9.202318473658703,708.0
6880.0,-9.250772068344581,608.0
6900.0,-9.29776485888251,634.0
6920.0,-9.343289424566121,636.0
6940.0,-9.387338576538742,584.0
6960.0,-9.429905358928643,612.0
6980.0,-9.470983049947442,598.0
7000.0,-9.510565162951535,550.0
7020.0,-9.548645447466429,536.0
7040.0,-9.585217890173759,572.0
7060.0,-9.620276715860859,620.0
7080.0,-9.65381638833274,610.0
7100.0,-9.685831611286309,508.0
7120.0,-9.716317329146738,454.0
7140.0,-9.745268727865772,474.0
7160.0,-9.772681235681933,402.0
7180.0,-9.798550523842469,426.0
7200.0,-9.822872507286887,418.0
7220.0,-9.845643345292052,390.0
7240.0,-9.86685944207868,450.0
7260.0,-9.886517447379141,364.0
7280.0,-9.904614256966513,360.0
7300.0,-9.921147013144777,402.0
7320.0,-9.936113105200084,392.0
7340.0,-9.949510169813001,410.0
7360.0,-9.961336091431725,496.0
7380.0,-9.97158900260614,502.0
7400.0,-9.980267284282716,484.0
7420.0,-9.987369566060174,520.0
7440.0,-9.992894726405892,376.0
7460.0,-9.996841892833,502.0
7480.0,-9.99921044203816,596.0
7500.0,-10.0,550.0
7520.0,-9.99921044203816,524.0
7540.0,-9.996841892833,536.0
7560.0,-9.992894726405893,572.0
7580.0,-9.987369566060174,586.0
7600.0,-9.980267284282716,520.0
7620.0,-9.97158900260614,454.0
7640.0,-9.961336091431725,464.0
7660.0,-9.949510169813001,488.0
7680.0,-9.936113105200084,504.0
7700.0,-9.921147013144779,542.0
7720.0,-9.904614256966513,514.0
7740.0,-9.88651744737914,598.0
7760.0,-9.866859442078681,588.0
7780.0,-9.845643345292054,566.0
7800.0,-9.822872507286887,486.0
7820.0,-9.79855052384247,422.0
7840.0,-9.772681235681935,492.0
7860.0,-9.74526872786577,498.0
7880.0,-9.71631732914674,388.0
7900.0,-9.68583161128631,398.0
7920.0,-9.653816388332737,332.0
7940.0,-9.62027671586086,390.0
7960.0,-9.585217890173759,226.0
7980.0,-9.54864544746643,328.0
8000.0,-9.510565162951536,358.0
8020.0,-9.470983049947444,414.0
8040.0,-9.429905358928645,318.0
8060.0,-9.38733857653874,318.0
8080.0,-9.343289424566123,304.0
8100.0,-9.297764858882516,294.0
8120.0,-9.25077206834458,180.0
8140.0,-9.202318473658705,196.0
8160.0,-9.152411726209177,260.0
8180.0,-9.101059706849957,278.0
8200.0,-9.048270524660197,208.0
8220.0,-8.994052515663714,186.0
8240.0,-8.938414241512637,146.0
8260.0,-8.881364488135443,140.0
8280.0,-8.822912264349535,82.0
8300.0,-8.763066800438638,26.0
8320.0,-8.701837546695257,28.0
8340.0,-8.639234171928354,-54.0
8360.0,-8.575266561936523,-88.0
8380.0,-8.509944817946918,-56.0
8400.0,-8.44327925502015,-152.0
8420.0,-8.37528040042142,-136.0
8440.0,-8.305958991958128,-164.0
8460.0,-8.23532597628427,-142.0
8480.0,-8.163392507171842,-176.0
8500.0,-8.090169943749476,-254.0
8520.0,-8.015669848708766,-330.0
8540.0,-7.939903986478358,-348.0
8560.0,-7.862884321366188,-408.0
8580.0,-7.784623015670232,-438.0
8600.0,-7.705132427757896,-376.0
8620.0,-7.624425110114482,-442.0
8640.0,-7.54251380736104,-460.0
8660.0,-7.459411454241823,-518.0
8680.0,-7.375131173581741,-572.0
8700.0,-7.289686274214116,-674.0
8720.0,-7.203090248879068,-646.0
8740.0,-7.115356772092857,-688.0
8760.0,-7.026499697988497,-800.0
8780.0,-6.936533058128047,-860.0
8800.0,-6.84547105928689,-864.0
8820.0,-6.753328081210245,-864.0
8840.0,-6.660118674342518,-914.0
8860.0,-6.565857557529565,-984.0
8880.0,-6.470559615694444,-956.0
8900.0,-6.374239897486897,-1000.0
8920.0,-6.276913612907002,-1020.0
8940.0,-6.1785961309033475,-1042.0
8960.0,-6.079302976946057,-1058.0
8980.0,-5.979049830575192,-1106.0
9000.0,-5.877852522924734,-1078.0
9020.0,-5.775727034222678,-1148.0
9040.0,-5.672689491267565,-1242.0
9060.0,-5.568756164881879,-1252.0
9080.0,-5.4639434673426965,-1258.0
9100.0,-5.358267949789964,-1330.0
9120.0,-5.251746299612954,-1302.0
9140.0,-5.144395337815068,-1360.0
9160.0,-5.03623201635761,-1326.0
9180.0,-4.927273415482917,-1512.0
9200.0,-4.817536741017161,-1506.0
9220.0,-4.707039321653325,-1532.0
9240.0,-4.595798606214877,-1572.0
9260.0,-4.483832160900328,-1610.0
9280.0,-4.371157666509334,-1682.0
9300.0,-4.25779291565073,-1762.0
9320.0,-4.143755809932844,-1890.0
9340.0,-4.029064357136629,-1904.0
9360.0,-3.913736668372025,-1870.0
9380.0,-3.7977909552180114,-1956.0
9400.0,-3.681245526846787,-1956.0
9420.0,-3.564118787132513,-1996.0
9440.0,-3.4464292317451672,-2050.0
9460.0,-3.3281954452298708,-2042.0
9480.0,-3.209436098072098,-2120.0
9500.0,-3.0901699437494767,-2148.0
9520.0,-2.9704158157703504,-2238.0
9540.0,-2.8501926246997615,-2284.0
9560.0,-2.7295193551732515,-2298.0
9580.0,-2.6084150628989677,-2384.0
9600.0,-2.4868988716485534,-2398.0
9620.0,-2.3649899702372514,-2420.0
9640.0,-2.2427076094938156,-2494.0
9660.0,-2.120071099220549,-2494.0
9680.0,-1.9970998051440718,-2488.0
9700.0,-1.873813145857247,-2484.0
9720.0,-1.7502305897527686,-2492.0
9740.0,-1.6263716519488434,-2492.0
9760.0,-1.5022558912075679,-2494.0
9780.0,-1.3779029068463768,-2496.0
9800.0,-1.2533323356430466,-2496.0
9820.0,-1.12856384873482,-2500.0
9840.0,-1.0036171485121508,-2500.0
9860.0,-0.8785119655074327,-2496.0
9880.0,-0.7532680552793272,-2498.0
9900.0,-0.6279051952931326,-2500.0
9920.0,-0.5024431817977022,-2500.0
9940.0,-0.376901826699351,-2498.0
9960.0,-0.25130095443337935,-2498.0
9980.0,-0.12566039883352959,-2496.0
10000.0,-2.4492935982947065e-15,-2498.0
10020.0,0.1256603988335247,-2494.0
10040.0,0.25130095443337447,-2496.0
10060.0,0.37690182669933725,-2494.0
10080.0,0.5024431817976973,-2498.0
10100.0,0.6279051952931367,-2498.0
10120.0,0.7532680552793223,-2496.0
10140.0,0.8785119655074279,-2500.0
10160.0,1.0036171485121461,-2498.0
10180.0,1.128563848734815,-2498.0
10200.0,1.2533323356430417,-2496.0
10220.0,1.377902906846381,-2500.0
10240.0,1.502255891207572,-2498.0
10260.0,1.6263716519488298,-2492.0
10280.0,1.750230589752755,-2492.0
10300.0,1.8738131458572507,-2492.0
10320.0,1.997099805144067,-2484.0
10340.0,2.1200710992205445,-2492.0
10360.0,2.2427076094938108,-2478.0
10380.0,2.364989970237238,-2486.0
10400.0,2.48689887164854,-2486.0
10420.0,2.6084150628989713,-2476.0
10440.0,2.7295193551732466,-2476.0
10460.0,2.8501926246997566,-2470.0
10480.0,2.970415815770346,-2464.0
10500.0,3.090169943749472,-2460.0
10520.0,3.209436098072085,-2446.0
10540.0,3.328195445229858,-2428.0
10560.0,3.446429231745163,-2438.0
10580.0,3.5641187871325086,-2430.0
10600.0,3.681245526846782,-2398.0
10620.0,3.7977909552180145,-2384.0
10640.0,3.9137366683720205,-2342.0
10660.0,4.029064357136624,-2332.0
10680.0,4.1437558099328395,-2322.0
10700.0,4.257792915650725,-2294.0
10720.0,4.371157666509321,-2282.0
10740.0,4.483832160900316,-2264.0
10760.0,4.595798606214872,-2232.0
10780.0,4.707039321653321,-2242.0
10800.0,4.817536741017157,-2174.0
10820.0,4.9272734154829205,-2160.0
10840.0,5.036232016357607,-2174.0
10860.0,5.144395337815063,-2136.0
10880.0,5.251746299612957,-2104.0
10900.0,5.358267949789966,-2092.0
10920.0,5.463943467342684,-2068.0
10940.0,5.568756164881875,-2000.0
10960.0,5.672689491267561,-2024.0
10980.0,5.775727034222665,-1960.0
11000.0,5.877852522924723,-1964.0
11020.0,5.979049830575195,-1874.0
11040.0,6.079302976946054,-1902.0
11060.0,6.178596130903344,-1834.0
11080.0,6.276913612907006,-1792.0
11100.0,6.374239897486892,-1782.0
11120.0,6.470559615694439,-1722.0
11140.0,6.565857557529561,-1660.0
11160.0,6.660118674342515,-1700.0
11180.0,6.753328081210236,-1642.0
11200.0,6.845471059286879,-1670.0
11220.0,6.936533058128043,-1640.0
11240.0,7.026499697988493,-1586.0
11260.0,7.115356772092856,-1580.0
11280.0,7.203090248879072,-1562.0
11300.0,7.289686274214112,-1534.0
11320.0,7.375131173581737,-1524.0
11340.0,7.45941145424182,-1490.0
11360.0,7.542513807361038,-1470.0
11380.0,7.624425110114473,-1466.0
11400.0,7.705132427757887,-1448.0
11420.0,7.78462301567023,-1382.0
11440.0,7.86288432136619,-1300.0
11460.0,7.939903986478356,-1340.0
11480.0,8.015669848708768,-1316.0
11500.0,8.090169943749473,-1266.0
11520.0,8.163392507171839,-1292.0
11540.0,8.235325976284273,-1276.0
11560.0,8.305958991958127,-1246.0
11580.0,8.375280400421413,-1190.0
11600.0,8.443279255020148,-1204.0
11620.0,8.509944817946916,-1218.0
11640.0,8.575266561936516,-1252.0
11660.0,8.639234171928356,-1200.0
11680.0,8.70183754669526,-1174.0
11700.0,8.763066800438637,-1194.0
11720.0,8.822912264349533,-1178.0
11740.0,8.881364488135446,-1092.0
11760.0,8.938414241512634,-1014.0
11780.0,8.994052515663707,-950.0
11800.0,9.048270524660193,-918.0
11820.0,9.101059706849956,-914.0
11840.0,9.15241172620917,-840.0
11860.0,9.2023184736587,-730.0
11880.0,9.250772068344581,-670.0
11900.0,9.297764858882514,-672.0
11920.0,9.343289424566121,-638.0
11940.0,9.387338576538742,-640.0
11960.0,9.429905358928643,-642.0
11980.0,9.470983049947442,-614.0
12000.0,9.510565162951535,-638.0
12020.0,9.548645447466429,-472.0
12040.0,9.585217890173755,-468.0
12060.0,9.620276715860856,-386.0
12080.0,9.653816388332736,-398.0
12100.0,9.685831611286313,-438.0
12120.0,9.71631732914674,-370.0
12140.0,9.745268727865772,-374.0
12160.0,9.772681235681933,-438.0
12180.0,9.798550523842469,-388.0
12200.0,9.822872507286887,-402.0
12220.0,9.845643345292054,-508.0
12240.0,9.86685944207868,-438.0
12260.0,9.88651744737914,-408.0
12280.0,9.904614256966513,-380.0
12300.0,9.921147013144777,-380.0
12320.0,9.936113105200086,-340.0
12340.0,9.949510169813001,-346.0
12360.0,9.961336091431725,-388.0
12380.0,9.97158900260614,-382.0
12400.0,9.980267284282716,-366.0
12420.0,9.987369566060174,-466.0
12440.0,9.992894726405892,-386.0
12460.0,9.996841892833,-414.0
12480.0,9.99921044203816,-356.0
12500.0,10.0,-438.0
12520.0,9.99921044203816,-448.0
12540.0,9.996841892833,-370.0
12560.0,9.992894726405892,-370.0
12580.0,9.987369566060174,-356.0
12600.0,9.980267284282716,-358.0
12620.0,9.97158900260614,-428.0
12640.0,9.961336091431725,-404.0
12660.0,9.949510169813001,-478.0
12680.0,9.936113105200084,-492.0
12700.0,9.921147013144779,-536.0
12720.0,9.904614256966513,-496.0
12740.0,9.886517447379141,-502.0
12760.0,9.866859442078681,-600.0
12780.0,9.845643345292054,-548.0
12800.0,9.822872507286887,-616.0
12820.0,9.79855052384247,-556.0
12840.0,9.772681235681933,-610.0
12860.0,9.745268727865772,-640.0
12880.0,9.716317329146742,-616.0
12900.0,9.68583161128631,-692.0
12920.0,9.653816388332741,-744.0
12940.0,9.620276715860863,-784.0
12960.0,9.58521789017376,-744.0
12980.0,9.548645447466429,-792.0
13000.0,9.510565162951536,-746.0
13020.0,9.47098304994744,-680.0
13040.0,9.429905358928645,-694.0
13060.0,9.387338576538744,-702.0
13080.0,9.34328942456612,-776.0
13100.0,9.297764858882516,-748.0
13120.0,9.250772068344586,-798.0
13140.0,9.202318473658705,-848.0
13160.0,9.15241172620918,-716.0
13180.0,9.101059706849957,-740.0
13200.0,9.048270524660193,-712.0
13220.0,8.99405251566371,-742.0
13240.0,8.93841424151264,-634.0
13260.0,8.881364488135445,-694.0
13280.0,8.822912264349537,-668.0
13300.0,8.763066800438633,-640.0
13320.0,8.701837546695257,-674.0
13340.0,8.63923417192836,-638.0
13360.0,8.575266561936523,-670.0
13380.0,8.509944817946923,-660.0
13400.0,8.443279255020151,-572.0
13420.0,8.375280400421412,-586.0
13440.0,8.305958991958125,-598.0
13460.0,8.235325976284276,-550.0
13480.0,8.163392507171837,-474.0
13500.0,8.090169943749476,-544.0
13520.0,8.015669848708772,-606.0
13540.0,7.939903986478354,-614.0
13560.0,7.862884321366195,-532.0
13580.0,7.7846230156702445,-540.0
13600.0,7.705132427757897,-508.0
13620.0,7.624425110114476,-440.0
13640.0,7.542513807361041,-450.0
13660.0,7.459411454241818,-484.0
13680.0,7.375131173581741,-412.0
13700.0,7.289686274214122,-362.0
13720.0,7.20309024887907,-360.0
13740.0,7.115356772092859,-366.0
13760.0,7.026499697988491,-364.0
13780.0,6.936533058128054,-438.0
13800.0,6.845471059286897,-398.0
13820.0,6.753328081210247,-336.0
13840.0,6.660118674342512,-406.0
13860.0,6.565857557529567,-372.0
13880.0,6.4705596156944365,-384.0
13900.0,6.3742398974868975,-376.0
13920.0,6.276913612907011,-280.0
13940.0,6.178596130903342,-306.0
13960.0,6.0793029769460585,-346.0
13980.0,5.9790498305752,-402.0
14000.0,5.877852522924734,-368.0
14020.0,5.775727034222685,-374.0
14040.0,5.672689491267566,-410.0
14060.0,5.568756164881873,-380.0
14080.0,5.46394346734269,-430.0
14100.0,5.358267949789973,-442.0
14120.0,5.251746299612955,-472.0
14140.0,5.144395337815069,-466.0
14160.0,5.036232016357603,-530.0
14180.0,4.927273415482918,-538.0
14200.0,4.817536741017162,-590.0
14220.0,4.707039321653326,-432.0
14240.0,4.595798606214886,-432.0
14260.0,4.483832160900337,-546.0
14280.0,4.371157666509319,-480.0
14300.0,4.2577929156507235,-570.0
14320.0,4.143755809932845,-524.0
14340.0,4.029064357136622,-532.0
14360.0,3.913736668372026,-526.0
14380.0,3.7977909552180202,-514.0
14400.0,3.6812455268467796,-500.0
14420.0,3.5641187871325144,-530.0
14440.0,3.446429231745185,-510.0
14460.0,3.3281954452298717,-488.0
14480.0,3.2094360980721075,-536.0
14500.0,3.090169943749478,-546.0
14520.0,2.970415815770343,-534.0
14540.0,2.850192624699763,-516.0
14560.0,2.7295193551732613,-508.0
14580.0,2.6084150628989686,-478.0
14600.0,2.4868988716485547,-498.0
14620.0,2.364989970237244,-488.0
14640.0,2.2427076094938165,-524.0
14660.0,2.120071099220559,-494.0
14680.0,1.9970998051440731,-454.0
14700.0,1.873813145857257,-530.0
14720.0,1.7502305897527612,-432.0
14740.0,1.626371651948827,-474.0
14760.0,1.5022558912075692,-448.0
14780.0,1.377902906846387,-480.0
14800.0,1.253332335643039,-480.0
14820.0,1.1285638487348213,-496.0
14840.0,1.003617148512161,-608.0
14860.0,0.878511965507434,-650.0
14880.0,0.7532680552793372,-640.0
14900.0,0.6279051952931516,-612.0
14920.0,0.5024431817977035,-564.0
14940.0,0.37690182669934336,-486.0
14960.0,0.2513009544333806,-416.0
14980.0,0.12566039883352192,-430.0
15000.0,3.673940397442059e-15,-470.0
15020.0,-0.1256603988335146,-434.0
15040.0,-0.25130095443337325,-430.0
15060.0,-0.37690182669933603,-408.0
15080.0,-0.5024431817976961,-414.0
15100.0,-0.6279051952931265,-416.0
15120.0,-0.7532680552793123,-408.0
15140.0,-0.8785119655074267,-426.0
15160.0,-1.0036171485121537,-386.0
15180.0,-1.128563848734814,-430.0
15200.0,-1.2533323356430492,-452.0
15220.0,-1.3779029068463797,-582.0
15240.0,-1.502255891207562,-614.0
15260.0,-1.6263716519488371,-674.0
15280.0,-1.750230589752754,-624.0
15300.0,-1.8738131458572322,-574.0
15320.0,-1.9970998051440658,-502.0
15340.0,-2.1200710992205343,-568.0
15360.0,-2.2427076094938094,-566.0
15380.0,-2.364989970237254,-400.0
15400.0,-2.4868988716485476,-436.0
15420.0,-2.6084150628989615,-478.0
15440.0,-2.729519355173254,-540.0
15460.0,-2.8501926246997558,-540.0
15480.0,-2.970415815770353,-584.0
15500.0,-3.0901699437494705,-362.0
15520.0,-3.209436098072084,-460.0
15540.0,-3.328195445229865,-476.0
15560.0,-3.446429231745162,-500.0
15580.0,-3.5641187871325073,-514.0
15600.0,-3.681245526846789,-484.0
15620.0,-3.797790955218013,-524.0
15640.0,-3.913736668372019,-484.0
15660.0,-4.0290643571366305,-454.0
15680.0,-4.143755809932839,-490.0
15700.0,-4.257792915650716,-394.0
15720.0,-4.371157666509328,-436.0
15740.0,-4.483832160900315,-414.0
15760.0,-4.5957986062148635,-472.0
15780.0,-4.70703932165332,-496.0
15800.0,-4.817536741017156,-514.0
15820.0,-4.927273415482912,-466.0
15840.0,-5.036232016357612,-436.0
15860.0,-5.144395337815062,-464.0
15880.0,-5.2517462996129485,-348.0
15900.0,-5.3582679497899655,-408.0
15920.0,-5.463943467342683,-384.0
15940.0,-5.568756164881882,-366.0
15960.0,-5.67268949126756,-396.0
15980.0,-5.775727034222664,-364.0
16000.0,-5.877852522924728,-396.0
16020.0,-5.979049830575194,-408.0
16040.0,-6.079302976946053,-364.0
16060.0,-6.17859613090335,-384.0
16080.0,-6.276913612907005,-392.0
16100.0,-6.374239897486892,-436.0
16120.0,-6.4705596156944445,-442.0
16140.0,-6.565857557529561,-436.0
16160.0,-6.660118674342507,-472.0
16180.0,-6.753328081210242,-460.0
16200.0,-6.845471059286878,-472.0
16220.0,-6.9365330581280364,-528.0
16240.0,-7.026499697988498,-508.0
16260.0,-7.115356772092855,-524.0
16280.0,-7.2030902488790645,-532.0
16300.0,-7.289686274214118,-546.0
16320.0,-7.375131173581736,-600.0
16340.0,-7.459411454241813,-612.0
16360.0,-7.542513807361036,-672.0
16380.0,-7.624425110114473,-700.0
16400.0,-7.705132427757891,-642.0
16420.0,-7.784623015670229,-704.0
16440.0,-7.862884321366179,-648.0
16460.0,-7.939903986478349,-740.0
16480.0,-8.015669848708768,-800.0
16500.0,-8.090169943749473,-774.0
16520.0,-8.163392507171842,-868.0
16540.0,-8.235325976284273,-896.0
16560.0,-8.305958991958121,-902.0
16580.0,-8.375280400421417,-886.0
16600.0,-8.443279255020146,-914.0
16620.0,-8.509944817946911,-978.0
16640.0,-8.57526656193652,-914.0
16660.0,-8.639234171928345,-870.0
16680.0,-8.701837546695256,-870.0
16700.0,-8.76306680043864,-860.0
16720.0,-8.822912264349531,-876.0
16740.0,-8.881364488135441,-910.0
16760.0,-8.938414241512637,-976.0
16780.0,-8.994052515663707,-968.0
16800.0,-9.048270524660197,-976.0
16820.0,-9.101059706849954,-996.0
16840.0,-9.15241172620917,-1008.0
16860.0,-9.202318473658703,-1024.0
16880.0,-9.250772068344576,-992.0
16900.0,-9.297764858882513,-1042.0
16920.0,-9.343289424566123,-1032.0
16940.0,-9.387338576538742,-1032.0
16960.0,-9.429905358928643,-1050.0
16980.0,-9.470983049947444,-1028.0
17000.0,-9.510565162951535,-1080.0
17020.0,-9.548645447466427,-952.0
17040.0,-9.585217890173759,-954.0
17060.0,-9.620276715860856,-944.0
17080.0,-9.653816388332734,-856.0
17100.0,-9.685831611286309,-774.0
17120.0,-9.71631732914674,-790.0
17140.0,-9.74526872786577,-702.0
17160.0,-9.772681235681937,-750.0
17180.0,-9.798550523842467,-700.0
17200.0,-9.822872507286885,-678.0
17220.0,-9.845643345292054,-702.0
17240.0,-9.86685944207868,-636.0
17260.0,-9.886517447379141,-678.0
17280.0,-9.90461425696651,-670.0
17300.0,-9.921147013144777,-620.0
17320.0,-9.936113105200084,-530.0
17340.0,-9.949510169813001,-386.0
17360.0,-9.961336091431724,-342.0
17380.0,-9.97158900260614,-270.0
17400.0,-9.980267284282716,-358.0
17420.0,-9.987369566060174,-330.0
17440.0,-9.992894726405892,-274.0
17460.0,-9.996841892833,-330.0
17480.0,-9.99921044203816,-352.0
17500.0,-10.0,-264.0
17520.0,-9.99921044203816,-258.0
17540.0,-9.996841892833,-180.0
17560.0,-9.992894726405892,-100.0
17580.0,-9.987369566060174,-150.0
17600.0,-9.980267284282716,-118.0
17620.0,-9.97158900260614,-126.0
17640.0,-9.961336091431725,-30.0
17660.0,-9.949510169813003,-84.0
17680.0,-9.936113105200084,-40.0
17700.0,-9.921147013144779,0.0
17720.0,-9.904614256966513,86.0
17740.0,-9.886517447379141,68.0
17760.0,-9.866859442078681,132.0
17780.0,-9.845643345292055,96.0
17800.0,-9.822872507286887,102.0
17820.0,-9.79855052384247,96.0
17840.0,-9.772681235681933,120.0
17860.0,-9.745268727865772,160.0
17880.0,-9.716317329146742,124.0
17900.0,-9.685831611286313,82.0
17920.0,-9.653816388332741,114.0
17940.0,-9.620276715860864,46.0
17960.0,-9.58521789017376,34.0
17980.0,-9.548645447466429,150.0
18000.0,-9.510565162951538,58.0
18020.0,-9.470983049947442,206.0
18040.0,-9.429905358928645,218.0
18060.0,-9.387338576538744,272.0
18080.0,-9.34328942456612,204.0
18100.0,-9.297764858882516,252.0
18120.0,-9.25077206834458,232.0
18140.0,-9.202318473658707,172.0
18160.0,-9.15241172620918,228.0
18180.0,-9.10105970684996,188.0
18200.0,-9.048270524660193,162.0
18220.0,-8.99405251566371,148.0
18240.0,-8.938414241512634,132.0
18260.0,-8.881364488135445,132.0
18280.0,-8.822912264349537,208.0
18300.0,-8.763066800438635,248.0
18320.0,-8.701837546695259,166.0
18340.0,-8.63923417192836,160.0
18360.0,-8.575266561936525,196.0
18380.0,-8.509944817946923,302.0
18400.0,-8.44327925502016,258.0
18420.0,-8.375280400421412,216.0
18440.0,-8.305958991958125,272.0
18460.0,-8.235325976284278,200.0
18480.0,-8.163392507171837,156.0
18500.0,-8.090169943749476,208.0
18520.0,-8.015669848708773,178.0
18540.0,-7.939903986478355,88.0
18560.0,-7.862884321366195,74.0
18580.0,-7.784623015670235,54.0
18600.0,-7.705132427757898,-20.0
18620.0,-7.624425110114489,-8.0
18640.0,-7.542513807361042,-18.0
18660.0,-7.459411454241819,-42.0
18680.0,-7.3751311735817415,-66.0
18700.0,-7.289686274214111,-144.0
18720.0,-7.203090248879071,-126.0
18740.0,-7.11535677209286,-178.0
18760.0,-7.026499697988492,-190.0
18780.0,-6.936533058128055,-384.0
18800.0,-6.845471059286897,-422.0
18820.0,-6.753328081210248,-416.0
18840.0,-6.660118674342526,-472.0
18860.0,-6.565857557529567,-590.0
18880.0,-6.470559615694437,-658.0
18900.0,-6.3742398974868975,-672.0
18920.0,-6.276913612907011,-660.0
18940.0,-6.178596130903342,-730.0
18960.0,-6.079302976946059,-660.0
18980.0,-5.9790498305752005,-662.0
19000.0,-5.8778525229247345,-638.0
19020.0,-5.775727034222687,-660.0
19040.0,-5.672689491267567,-640.0
19060.0,-5.568756164881888,-662.0
19080.0,-5.463943467342691,-654.0
19100.0,-5.3582679497899734,-716.0
19120.0,-5.251746299612956,-716.0
19140.0,-5.1443953378150695,-718.0
19160.0,-5.036232016357605,-702.0
19180.0,-4.927273415482919,-728.0
19200.0,-4.817536741017163,-796.0
19220.0,-4.707039321653327,-740.0
19240.0,-4.595798606214887,-770.0
19260.0,-4.483832160900338,-824.0
19280.0,-4.371157666509336,-852.0
19300.0,-4.257792915650724,-900.0
19320.0,-4.143755809932847,-1040.0
19340.0,-4.0290643571366225,-946.0
19360.0,-3.913736668372027,-1012.0
19380.0,-3.797790955218021,-1080.0
19400.0,-3.681245526846781,-1100.0
19420.0,-3.5641187871325153,-1190.0
19440.0,-3.446429231745186,-1176.0
19460.0,-3.328195445229873,-1264.0
19480.0,-3.209436098072109,-1270.0
19500.0,-3.090169943749479,-1378.0
19520.0,-2.970415815770344,-1392.0
19540.0,-2.8501926246997638,-1420.0
19560.0,-2.7295193551732453,-1464.0
19580.0,-2.60841506289897,-1530.0
19600.0,-2.486898871648556,-1574.0
19620.0,-2.364989970237245,-1682.0
19640.0,-2.242707609493818,-1762.0
19660.0,-2.12007109922056,-1844.0
19680.0,-1.997099805144074,-1924.0
19700.0,-1.873813145857258,-1984.0
19720.0,-1.7502305897527624,-2024.0
19740.0,-1.626371651948828,-2082.0
19760.0,-1.5022558912075703,-2172.0
19780.0,-1.3779029068463884,-2218.0
19800.0,-1.2533323356430401,-2298.0
19820.0,-1.1285638487348224,-2416.0
19840.0,-1.0036171485121623,-2492.0
19860.0,-0.8785119655074352,-2496.0
19880.0,-0.7532680552793385,-2492.0
19900.0,-0.6279051952931352,-2500.0
19920.0,-0.5024431817977048,-2500.0
19940.0,-0.3769018266993446,-2500.0
19960.0,-0.2513009544333818,-2498.0
19980.0,-0.12566039883352315,-2498.0
20000.0,-4.898587196589413e-15,-2498.0
20020.0,0.1256603988335311,-2500.0
20040.0,0.251300954433372,-2496.0
20060.0,0.3769018266993348,-2498.0
20080.0,0.502443181797695,-2494.0
20100.0,0.6279051952931253,-2498.0
20120.0,0.753268055279311,-2500.0
20140.0,0.8785119655074254,-2500.0
20160.0,1.0036171485121523,-2500.0
20180.0,1.1285638487348126,-2496.0
20200.0,1.2533323356430481,-2498.0
20220.0,1.3779029068463786,-2494.0
20240.0,1.5022558912075605,-2490.0
20260.0,1.626371651948836,-2494.0
20280.0,1.7502305897527528,-2490.0
20300.0,1.873813145857231,-2494.0
20320.0,1.9970998051440647,-2482.0
20340.0,2.1200710992205334,-2492.0
20360.0,2.2427076094938085,-2480.0
20380.0,2.364989970237253,-2484.0
20400.0,2.4868988716485467,-2482.0
20420.0,2.6084150628989606,-2484.0
20440.0,2.729519355173253,-2472.0
20460.0,2.8501926246997544,-2470.0
20480.0,2.9704158157703517,-2488.0
20500.0,3.0901699437494696,-2448.0
20520.0,3.2094360980720826,-2460.0
20540.0,3.3281954452298637,-2454.0
20560.0,3.4464292317451606,-2430.0
20580.0,3.5641187871324895,-2404.0
20600.0,3.681245526846788,-2402.0
20620.0,3.7977909552180122,-2374.0
20640.0,3.9137366683720183,-2366.0
20660.0,4.02906435713663,-2320.0
20680.0,4.143755809932838,-2336.0
20700.0,4.2577929156507155,-2318.0
20720.0,4.371157666509327,-2278.0
20740.0,4.483832160900313,-2258.0
20760.0,4.595798606214863,-2218.0
20780.0,4.707039321653318,-2200.0
20800.0,4.817536741017139,-2166.0
20820.0,4.927273415482911,-2178.0
20840.0,5.036232016357612,-2138.0
20860.0,5.144395337815061,-2136.0
20880.0,5.251746299612947,-2130.0
20900.0,5.358267949789965,-2050.0
20920.0,5.463943467342683,-2084.0
20940.0,5.568756164881881,-2016.0
20960.0,5.672689491267558,-2012.0
20980.0,5.775727034222664,-1968.0
21000.0,5.8778525229247265,-1974.0
